760286
989440
517307
903659
913465
863942
586568
517804
925342
707351
561556
734208
989929
314483
612264
860699
707214
989924
860720
917827
740903
847661
586451
740813
805213
619506
608376
818278
561636
830577
618597
713938
909604
734797
904243
772484
989730
989612
586308
860279
810253
920586
636363
510312
989518
714268
859461
920801
925346
954310
608551
440733
559502
616220
618321
419815
831560
773903
989489
773781
708605
760649
810661
559505
208444
614520
818283
517406
586681
619926
989276
440675
989212
708569
810389
818529
863249
937924
608505
586898
510389
619360
904227
734860
740905
805894
810680
573865
937922
530376
619580
630695
937647
561456
760926
920554
313260
818412
513219
916268
707213
920577
817407
858600
925345
860220
989744
818372
920704
863987
740812
312740
608559
517973
954891
517794
586708
586309
847817
940429
586830
765554
845465
858493
954685
760229
269272
510718
740719
740902
614303
860588
608508
513414
510349
586507
817418
817434
714344
419817
517359
845408
858359
920218
734817
734670
860260
760210
941252
708727
954460
989201
904967
818498
720521
810833
714324
210205
661966
517360
989434
727627
608506
920513
734651
914891
708939
719921
561986
573571
845529
773333
831286
989722
920705
313201
714819
989716
845884
614521
631453
209708
616270
937413
989478
949740
937921
913473
619351
949628
708643
786297
586975
559771
847389
707212
909221
815983
951504
586406
440764
614730
734852
616479
920703
810812
586856
904918
530373
954269
740906
989926
713872
760287
618341
818513
941231
517390
707973
630316
312903
979667
614250
863981
786743
650639
707201
740718
509889
816458
858494
561524
903620
561525
913917
530516
714387
262730
616474
734504
817432
810340
818656
616563
740717
713908
559508
419813
618369
989222
713919
586704
845650
989258
941885
713317
801291
914545
618325
818537
510392
518710
650370
714298
937851
516651
925333
630727
920902
419816
920529
708988
920317
916763
810332
586485
561825
860842
586402
708521
989405
917956
989920
847992
586418
262621
517226
616713
913493
920910
513224
513730
801914
616478
810972
740907
610464
517632
908690
517259
650256
817669
810521
262499
586450
586870
734297
661307
559506
847799
810524
517299
586912
937351
619965
419803
860802
915984
312839
773845
904889
614510
734798
989490
517255
740713
614518
614770
909220
732437
586916
860340
714303
937852
920576
440492
619910
904499
517361
517464
810910
913567
908703
510968
708992
636574
616614
586896
847547
619257
619412
805599
614513
937923
530890
561457
573428
518349
586832
573274
801329
734296
941897
903358
713949
559501
440489
616529
972631
941233
530851
530374
513355
740734
513819
630298
512204
805923
810557
831598
937261
989378
707618
740514
586302
817667
630265
518748
817227
810548
630680
904498
561298
714304
714506
920640
616289
313301
734566
925347
786244
860939
586831
616562
707594
845455
904818
513308
941988
708817
810595
909409
559778
619903
817981
954287
916523
916901
813266
586974
989477
954259
801338
419814
513329
954823
937385
810312
920556
773713
419802
586380
714275
810205
904231
815279
773323
831281
937357
614201
805847
313370
909404
860320
772974
510391
949657
713727
813256
530372
847569
313325
618324
661517
916590
618291
616518
817425
937850
989603
916762
626647
530371
586717
740515
989604
573278
805362
917953
573272
916697
937345
619604
815903
801339
707352
530381
708319
818418
517527
937406
954250
714370
920719
573277
989396
561458
847206
815767
972648
608502
920919
773514
734267
518484
661507
989384
619290
614346
904919
904920
773400
612228
831912
805913
619912
517982
786744
740714
847319
813268
517251
920466
708399
734305
614731
740863
915983
214582
760869
818589
813795
616380
608202
616351
559504
618784
773740
313339
989610
586861
586319
419804
989979
708718
559503
706727
509880
817452
859222
559279
708661
740904
586968
630704
937920
630714
810203
618782
972879
954576
618338
214656
512208
608550
954936
740712
714416
650220
815241
562255
517407
810526
512209
714301
903621
715576
760467
616230
817982
419805
626728
616397
941215
