713444
605350
615376
769232
662801
586556
858774
609932
313318
757692
734788
571501
830480
941323
662760
618924
601917
706308
917847
620704
806787
901833
626524
817313
919592
830708
956703
281814
631902
916765
817219
925274
510207
714883
870866
801540
956771
702427
251656
810265
916761
231327
803270
571230
617306
954304
701308
813748
773551
972839
980329
760815
618402
440382
904616
702769
847347
707318
863605
954651
787646
561373
610329
832967
510303
808223
956775
540256
713855
770356
918605
713409
787455
832331
925963
949632
951764
917602
940284
918634
714608
812821
612839
786493
918424
770546
978809
509539
630418
716605
917593
717571
619607
516978
609790
740683
617784
864251
601506
615943
803237
760646
610703
787607
951265
805479
601334
937286
806869
435817
575714
757478
601942
864557
703505
909576
757816
901351
831521
650455
978760
925212
509398
520241
773709
812630
919389
678986
714342
812820
570436
864838
720429
917690
740591
618315
715572
925942
856304
956333
859749
949370
603553
918625
907388
787354
707695
858342
863832
312841
530340
720629
859588
806674
516384
949395
661755
920578
816752
630815
806773
850207
931637
773397
619709
920285
804539
706266
806252
814340
917287
530263
662614
787690
719859
832499
760608
605280
919273
917969
435830
570650
405255
608556
704450
805402
707481
423748
936827
804938
574292
650867
919491
937430
662322
619261
517250
917562
718974
602538
562810
617653
937238
618250
605940
925934
917826
832322
617922
804334
720480
859707
801791
925935
630272
701209
586567
586904
803420
814242
559799
530518
818370
817851
972765
706346
509733
617930
608552
712630
814392
847542
925997
540539
832504
513739
210449
917543
616235
646725
720885
715548
906430
972971
530570
435322
609442
512565
619708
918344
801510
707631
847830
818324
702301
575512
787248
708912
931628
712333
614329
775527
863738
435979
802825
713412
423489
937212
713569
435619
561635
940366
703314
956569
571236
925598
615271
813716
908917
773383
479466
901268
432254
808649
985226
650804
719994
480286
606304
551580
718916
818468
701905
559287
605380
786473
970274
803940
817917
918378
713306
815383
847682
937266
919413
617513
585732
706491
562716
702885
662739
940443
973906
616391
650296
619925
714749
601622
916947
918807
845598
832891
717350
860202
972658
601569
626375
845798
570357
956570
765434
843618
651324
910514
925463
917520
832350
805469
610413
714785
787717
616216
917655
806922
617771
912617
985705
575513
909227
814880
954609
630542
704806
916600
479207
859806
716930
630235
956279
801603
901413
520301
870219
732319
805901
512560
540748
713825
713417
561985
954695
561289
765401
808280
901491
773708
678925
702340
713294
918530
630842
762218
570594
607287
901832
802279
804399
575631
609328
801347
831578
479622
917703
712550
907351
801604
209355
626318
910574
701912
870880
787433
510432
813943
662231
818207
956373
575805
603289
787675
773575
918510
702290
480544
609575
808220
773970
423367
847420
805720
917370
419902
603380
713598
630464
502229
703608
801647
615545
936662
901494
516581
936645
925280
712331
847373
702217
617462
573579
956401
423304
713628
936697
937750
479650
715296
423903
720366
805704
858335
571606
740357
985413
443500
229347
832292
803318
832896
925818
804928
708513
903413
580419
661205
704713
973953
606669
941962
817271
606273
580231
775230
512317
509952
619895
802782
806638
432940
773620
912481
918633
678315
812229
530417
626353
901859
831595
925939
803381
512289
864932
443255
805403
847840
701217
530736
719331
901674
772538
609870
760583
916718
770355
720320
712470
870847
609213
787365
870404
636575
702767
606782
217652
865621
918450
516547
828381
818268
516428
903746
618409
772342
907299
919308
716563
541974
619370
662315
931626
716430
954805
817480
802380
917683
916425
435790
571425
631413
843862
217704
714801
727698
605319
615310
805428
828699
859333
901604
714423
773860
802324
608772
910545
661645
707688
617543
850261
917698
917355
479531
847207
919274
716867
908400
443838
617750
970275
860309
817247
805443
816830
609220
847254
847826
917714
858722
787585
516971
860304
757287
973615
954801
937654
702498
512966
770596
512694
615532
908247
619306
918402
610996
818261
765602
787408
817266
787647
979236
856217
916524
601870
620870
702480
606706
785220
859338
701215
617320
530355
832517
801654
912270
937423
484437
603571
843819
662415
432560
713560
610316
510304
860402
916601
831252
847691
760413
937718
573578
914525
907378
704763
956802
703901
801243
909262
650823
425985
516819
256702
713826
904704
832329
812259
937581
909904
850228
901644
484515
520808
614736
912552
760793
541915
787635
570916
573450
787420
727204
920809
510409
423310
618339
516776
757291
602518
606694
662402
918290
803671
843615
805689
903452
715614
831214
916335
601954
979324
760855
914953
936615
580678
804450
909289
276275
973722
805813
918616
918629
714878
925296
917834
801673
561312
601604
606344
910584
612747
805340
985516
973727
562640
817504
713213
703618
617893
765519
617365
580583
949466
717887
512315
931215
912308
704449
817269
954309
870822
630603
770561
956760
660888
734731
617968
617852
870323
803460
805807
720272
832623
907616
815715
757739
610462
812887
925285
720329
717468
573300
530713
434258
561315
480236
719339
939389
626429
313330
985518
708557
617347
734776
979264
904703
847528
518965
720690
626297
708790
434489
573263
985860
770815
917856
808351
601320
559232
541661
602421
678848
660723
812236
573821
602549
787308
847502
978764
616356
703501
715730
847217
814442
918706
615336
914414
717439
907723
812499
903388
585285
602738
708420
617840
509995
785952
717940
949374
909720
787599
774262
816896
931639
862371
561308
760717
904316
830431
773251
915691
423737
610509
612801
936201
618407
714269
573220
603781
615569
530304
630215
775846
817371
803257
510499
979533
559930
917689
715862
443735
708899
806420
630248
423774
865360
972979
610662
714350
816212
704408
850567
732208
773610
617584
785633
630234
573944
609230
925876
979309
605505
859494
630207
781249
573631
812498
610999
901486
216548
626695
719778
903267
646256
707246
903316
575607
765617
907382
954439
509969
858531
801376
903780
787366
870788
817584
719421
808497
214843
856986
626818
850566
702335
814219
540222
423902
786863
816392
612805
956605
859307
601323
903603
845518
312953
434249
702241
773504
606975
956773
626487
530386
704530
509989
661992
972345
715630
513633
760715
972467
704877
818635
585733
574952
843683
520431
910922
954850
423231
912256
630881
575309
917825
832289
714306
817713
803447
720560
870329
618401
774281
570430
612961
979203
559824
615753
917821
615337
918521
313320
661331
941457
912610
925974
706537
559250
925251
678983
731267
818434
918951
830305
423488
916769
979229
714642
808938
619917
740416
713562
512468
650576
717805
702606
917224
704491
716861
516835
573541
916712
806316
661332
828301
917753
661301
864910
870509
602435
573380
818406
907957
630640
847323
443253
586219
916717
701923
787449
910603
615371
602820
903948
713416
423838
765318
571217
978387
814934
812369
602321
828638
970443
617794
602821
573344
559303
614397
559779
715969
773791
740607
619200
614787
817235
956245
580737
510813
817614
321213
270564
586215
918740
818636
832846
808366
510703
607372
704502
985517
661706
805235
952270
573429
585260
336549
915929
859613
617967
787237
870918
804536
815274
719351
618340
360901
817933
661304
770861
480205
816812
561379
864908
810334
610657
702768
757652
860759
270836
901487
808222
917488
832472
585748
806679
626864
864933
516901
512815
606776
701391
773230
440570
860389
530949
484432
903456
530409
706248
423580
787633
787925
908938
540842
715821
816718
610698
845542
423912
610762
740221
954802
703209
573259
956599
520304
925321
847997
757286
859753
630220
760774
901634
920602
870830
270779
607280
813765
828275
832474
516381
919272
901485
443794
970231
832306
918313
270929
419819
832244
662610
865765
661549
434466
573660
763370
910578
530864
787412
832589
860690
575706
917691
775843
724312
863840
954296
903276
601807
908230
724998
775379
515707
864650
608628
970227
978973
702741
480235
806789
918760
717856
618806
601421
970481
580630
626589
662587
720434
805320
916833
479871
831261
859200
617827
870842
808639
775830
918864
817980
787241
917863
619300
917239
814541
660998
631988
703622
423987
615631
954648
713408
925348
864958
440864
817229
914646
570850
909615
630699
609504
580827
708704
850723
615509
802349
702596
727366
830275
717201
925759
626991
717808
614266
631697
865748
760500
530300
570709
805909
937232
662523
610764
270776
573253
440376
765430
616394
773401
626378
719237
919360
954881
561389
787503
787672
917769
703973
516606
434480
909908
814979
973493
702686
956369
607745
706631
949292
208353
908209
540761
931638
845546
954610
805598
662419
626437
914707
574202
919758
772913
618922
615973
479719
616732
706207
720422
707245
954684
615259
661993
423920
920475
662316
925737
708431
617838
770235
217971
574290
816225
860977
865742
601479
772766
432553
713392
717669
724525
586382
650703
904540
530521
605209
913940
423364
601201
570862
530941
630805
715550
702524
757749
832803
541944
818802
775762
717799
540729
802343
828413
805990
720621
773812
479600
864221
740317
616776
619701
864494
775407
724557
862812
817201
985859
678773
832312
619715
801686
520560
860806
956379
720201
773546
860944
650504
847226
716417
617834
440670
509499
803623
443935
518495
702580
954401
904728
901406
805878
650255
972740
916803
817821
907982
769234
806759
970215
662574
787981
801652
804564
575595
859553
661345
845866
650704
925858
808554
717668
817223
610659
615251
562857
817291
615975
917912
585729
540998
910217
678314
713447
903926
937597
716578
716499
770654
626253
917783
702630
478737
951264
907617
662542
573528
925216
630484
907301
732330
612804
706540
805444
714875
720273
484560
717329
806987
805490
630913
479926
973580
972974
717495
615618
910232
516946
707386
713540
909556
954292
619559
970371
954383
702521
630460
570930
601416
803554
941380
828850
903271
787236
937344
513680
925890
757672
601889
917373
512415
769244
601480
562884
775397
270820
954980
605844
860992
530613
801550
716598
661315
803553
812431
907232
714721
714925
808226
423355
773612
443980
978430
760468
561329
608494
925944
870504
901262
314223
815685
510501
571294
770377
713857
904228
720309
520906
787567
907209
775303
631903
940389
816835
772532
847340
715944
646469
714488
601927
727403
701590
816804
714270
925640
985519
845270
586805
484433
740352
813362
713859
970376
530945
919699
903701
586876
715456
574250
586918
626673
719439
775544
718915
509531
571243
818312
715516
903407
609280
847503
863602
806620
816728
870378
678936
954319
859319
704460
480232
785492
914318
770361
787249
718288
714458
843922
775721
612819
973723
773576
757754
917499
916716
610804
951743
765251
509981
956367
810543
956754
787640
561762
540247
626617
865368
541602
786479
617610
601278
662397
920918
914536
970388
678386
516885
956909
443691
916213
765721
916300
573694
615474
870284
704433
702523
828729
971263
832691
925437
716444
909754
832829
650438
863517
908568
857205
318617
908723
601750
740649
239691
716208
805712
509961
916715
830928
979204
662347
832726
901517
832546
716990
806422
570939
907830
512983
802373
781864
512922
925932
804402
808349
919986
701851
707548
813992
616395
425241
616486
573301
512970
562879
423237
787649
832992
714746
712975
832465
917434
443655
313802
787903
612308
720412
562761
917940
912492
570313
580216
660441
601618
606367
425210
765469
817988
636466
787235
912618
714932
937760
847436
573291
904315
573330
847909
907250
661903
859227
917318
516769
520358
773307
916342
814873
573690
608717
615743
661303
937216
787918
336848
864344
814229
616742
812756
619779
860307
574835
609320
814935
734765
925469
563613
714606
916834
860208
716960
608338
612244
802793
615305
601505
828303
910547
626641
785224
951961
843496
972965
916316
717877
715828
936465
904305
610308
901277
716472
804869
831840
904238
630347
740359
912202
818640
614313
949338
775220
617416
614214
931216
904655
626512
870718
815861
480381
561267
434250
512466
817368
513485
541980
715432
661965
608695
630254
703623
954804
716715
843503
425919
617538
610209
713410
607379
562889
559871
631374
605381
706436
912644
985991
715610
623329
832207
909374
727512
559285
559355
517474
916606
703303
603970
941416
910206
607226
540538
574298
908419
978761
913669
951452
914441
704640
916835
510612
917435
843421
912790
516449
716498
586707
510861
530301
954913
910379
773330
786351
773431
973495
617775
706761
864906
724263
714856
801368
713301
773206
808227
650892
706473
803860
516721
727415
980234
478978
832444
603930
575910
912234
813956
928530
925947
617763
939640
806681
864354
702752
512657
863257
786489
928273
908313
559816
954614
334467
707334
907347
956873
859270
907306
618525
405517
909553
941321
517775
814761
678316
787908
570977
917864
919260
812457
985258
602446
856883
810813
513344
609980
270987
717507
602432
619408
814207
978317
661623
773547
951315
617974
918991
626643
559360
817233
719440
901649
617283
650863
626823
970396
479586
509554
516857
512750
510219
607434
787402
801541
602488
870375
956908
570642
863397
937763
714914
609408
828403
208340
703362
605927
631605
910384
432312
813340
765491
615291
864320
817692
925943
787360
831229
939717
512924
920216
765714
601504
516582
803300
904945
787475
734546
626475
773428
518260
510316
443240
956763
618838
615313
907821
815210
714272
843333
541580
979571
443956
925354
954258
786202
904614
765513
845532
570847
806480
618334
816807
719338
609440
217799
781775
714271
573854
712444
731607
570510
615256
770633
903277
619981
703338
479739
573247
918990
630244
703507
605478
605295
912399
540760
520409
954849
617943
270791
818687
617281
901650
661435
601370
510604
540314
806369
870602
901315
717994
605216
817897
832880
661319
518248
787505
573808
804426
856397
808388
925550
912232
757513
706718
617759
704402
662279
912201
816797
602245
802777
813215
918931
630624
831596
561573
925460
817475
512497
580851
614264
801548
859230
512422
701799
312860
601214
619905
541297
530400
760470
828310
516376
901626
618926
740243
915282
617417
773391
561789
909210
939642
972342
706393
575207
805252
847828
559359
601668
601594
585766
573275
606524
609558
559917
847431
609706
870592
605400
682401
708465
512968
828952
650374
541979
559393
917861
956301
513628
559283
512921
770598
909223
443280
901265
719580
603867
702771
570212
937409
636544
717475
574993
918230
914841
865548
925227
615419
706599
423991
812205
940781
662416
920912
618562
702782
610745
615582
908463
954612
773630
972835
423539
805341
214755
636358
616355
510693
618231
760214
818219
817304
956500
517398
702339
734775
832270
814566
817688
956521
985688
423653
732397
812798
956907
727515
939488
434334
917853
858382
225485
831239
956309
760887
509521
765481
623206
813713
530867
815822
661586
606356
702525
917868
630408
631835
608358
702461
650302
510305
787548
805264
573604
815342
619316
516633
619606
936433
574339
435849
770364
609742
818371
601341
661204
724541
949463
661406
920359
864431
847274
760315
626233
701527
765702
509750
858353
847917
787342
443756
609680
917592
918260
443447
714803
787413
585967
936661
610533
540556
512941
954260
913704
630605
812878
732310
925295
720297
513374
985320
912238
254541
787306
661496
626496
832454
425306
917743
787307
814977
706414
812629
717649
978376
435881
941456
559480
530218
773441
847922
808352
812390
540449
702496
830391
847284
817925
786239
937621
818395
909851
931629
904607
716607
516713
817372
510734
901603
928706
787224
443467
903812
740584
540246
603978
716602
701589
610416
606233
479381
817319
614619
617510
812557
939579
713502
425753
601831
707315
443791
630917
937217
815878
615248
860830
516455
847977
859620
479414
817773
479462
678763
530310
512633
916541
714330
561371
956312
801369
901490
270799
914649
769274
917208
914671
562201
917376
707477
832888
720365
812701
541261
615584
773255
619208
954675
979451
602465
816813
765918
830570
847494
816590
773203
713376
916612
650387
812325
951500
904610
970553
770653
816261
704322
787664
856562
860965
510331
919946
616774
757289
606483
614302
612770
706280
904612
432230
801725
662931
559696
910331
440645
907687
708770
814423
612859
419852
617899
561706
423258
336692
732501
602299
917833
832893
949547
708837
787473
612670
786564
702683
513767
808859
732773
843469
585451
806393
814720
615838
571502
601310
727560
479461
740319
479200
787247
336509
806790
480414
863610
650245
925937
704605
703395
925210
989627
615221
903530
541913
443509
862485
615254
432880
704488
954328
812603
949500
818620
605828
858336
956756
917375
985722
816289
904910
601695
561523
510326
843271
818486
615967
520360
925389
651343
704807
510579
978549
787407
806543
937218
740605
843283
720369
925698
940391
612812
646334
630267
956285
870489
970769
765426
860709
425387
270724
787608
610554
682701
941830
715556
631681
605491
860841
850686
713501
925980
609954
609713
916798
573280
775720
870240
706247
860416
770363
601940
813335
561901
832792
919889
716352
630251
843817
541840
513284
623418
907738
775813
925408
734358
760333
845729
706870
904735
773841
707344
520288
707479
707480
847848
913683
570617
805404
972489
716450
512963
510816
720298
917536
732760
616860
619203
574806
954261
843861
612803
435724
609458
831905
630212
661330
773703
801231
724494
432638
843742
612401
919601
901288
979676
860593
914282
787430
701313
765603
917513
917680
706996
512484
512965
714496
562773
609417
540846
714322
801554
541953
787590
847902
904955
805766
618420
818800
859576
580740
770241
770826
559679
706768
913426
703509
918519
901690
787479
770378
985290
732779
787361
910494
956742
480239
502356
731217
623203
334327
512423
909831
917445
812767
626272
740646
540533
904304
312936
949584
843337
980622
707529
276219
423284
864903
620401
812201
609634
605391
630853
713594
706669
856905
513668
619885
704724
518231
618610
870692
618946
718207
787405
570702
614404
630715
940390
701302
916996
779772
847867
832205
443204
832922
925977
937546
860597
440227
940634
562897
646283
617688
806470
704497
775408
267254
787552
717451
860884
904327
773266
573576
440610
707363
708363
503913
580940
972754
707484
717586
805455
843822
509430
901502
516697
818852
956560
510928
609670
701220
317446
989657
903821
480399
925924
801209
512939
951818
860908
559723
973216
704458
610812
916804
513405
615309
228623
903949
801230
423320
706809
619888
714609
970739
516429
760447
626290
478719
973452
832696
732804
619204
516702
615516
270792
609420
831917
602524
970599
559301
831238
859462
956427
704890
859322
805471
561386
575403
707685
714305
787378
610888
917744
443525
712392
614256
850419
925906
801560
770605
479422
615660
956286
765720
909213
707845
847778
561271
970799
601466
765419
904571
801696
954591
815325
978729
707697
724886
718755
956774
706202
904954
806282
850748
478747
914656
512826
601842
787233
903227
707287
630632
787379
815228
925548
617966
352206
760805
985285
479747
910233
805570
630970
619813
701739
717385
918520
907942
561313
530318
660734
714697
903235
606335
818424
561801
601946
520339
512550
512810
650862
856220
951768
972672
812453
949413
812267
480709
619991
760267
575760
510508
925279
985870
904563
917327
478731
731334
559704
623363
626327
916502
479970
912294
727424
916397
561568
434242
631327
605520
845505
828290
717503
814932
714813
941266
678863
518423
516972
609636
702738
618604
425615
870820
918527
479330
606362
801361
608332
512803
916328
708267
630337
734223
920860
423741
813361
540353
609214
904860
817991
617697
858232
810919
612309
714343
941276
541914
918869
616393
805559
909709
630612
773707
787975
956250
773580
910616
609576
716603
520551
678231
480280
559720
770601
972679
717830
716479
954242
770380
910200
803464
423276
931561
573286
870608
770655
773369
618843
757288
859285
817832
949293
904699
812686
701320
925847
509840
832943
732689
812521
925975
804873
832421
970759
720436
608692
510332
559284
773351
713504
847525
901493
910573
561346
708642
907841
617791
626616
704747
956562
601810
562618
787438
314578
914645
615377
832297
972207
678617
570640
904307
225717
904608
917539
901488
972822
619302
712650
530306
724544
917561
614648
812430
708917
601920
617460
817965
907690
646659
915999
518577
817454
973204
302670
701541
903818
917428
608542
724854
727808
618795
817312
812655
708212
605941
708291
646468
607279
901864
714747
843814
435559
610405
919749
606315
951317
818469
702528
616458
817781
818472
562537
760831
630240
931627
949735
509845
619395
516567
713304
847337
918734
808228
218969
912266
605441
610393
713503
925416
732939
615593
803348
616913
612810
727798
775240
714390
903293
787645
787691
646715
706766
703627
781640
787501
714679
812664
978204
516446
979824
912297
760963
585520
806774
832206
915694
551574
715584
561213
832628
949636
423645
808640
614440
907315
972324
703625
843617
939940
615244
708287
832881
980328
615585
610322
787406
609202
816809
908500
772418
702858
914672
850736
559936
678232
732816
503704
509551
443562
650743
910334
559260
707217
775233
818648
832892
615589
650868
770354
787636
607455
772971
610733
973432
601259
732278
612868
917374
860301
740350
516480
815674
580878
850774
630314
616780
925487
907223
832889
707915
816223
605661
619674
617957
864921
760900
530391
914217
210275
810938
610597
615370
916607
925938
615253
817995
702334
570236
615513
916813
985750
443635
814795
510364
865335
210620
509669
912269
732610
801362
702569
787234
832441
443310
714814
541968
716380
605821
918640
810964
832371
559288
808635
815382
907750
917741
717679
703628
781956
828461
813382
662255
803682
626374
571575
585764
603767
605530
443668
920408
301335
859358
909896
787429
847507
617240
832904
802363
858603
708941
912690
561699
515306
708602
832343
713870
702595
956371
904303
805501
917679
520548
617640
919271
703909
817946
479502
573382
573619
610909
817888
623387
843504
715367
701408
951333
813240
731733
601529
937520
901497
615586
479236
860705
985707
601209
847764
818599
606424
850443
815546
561818
619646
832885
773710
951850
682444
432853
609712
610704
443831
917913
714473
626675
909228
615268
847899
760845
715829
617480
772332
609247
765621
913449
775848
954232
615687
713516
715551
562412
617605
516818
661972
832291
775268
708654
832272
516413
985414
615512
787363
814244
925467
701741
623205
703474
601497
715412
715571
787638
727858
616459
801580
580747
562652
518366
530604
706994
787643
559905
925683
580716
650888
720620
480238
816898
917601
979587
602363
601521
425418
972567
956607
818316
803837
586436
985507
770827
660287
561281
715897
586337
831251
812241
702321
909856
510502
915408
907947
813220
870761
760861
540746
574551
956563
559630
432742
909225
715570
804349
903806
732599
703401
830660
757472
917515
646812
615556
650799
708822
713305
617817
724777
561758
724309
516974
917446
805218
615495
607727
912687
320841
765606
661400
979332
808225
815341
832450
615568
585801
972322
813205
954806
618616
817437
510520
701793
951640
972743
561236
806264
770540
907953
518821
812598
931220
702501
769355
423767
760716
603203
801577
814441
713303
615741
916812
574215
214505
832785
612212
870500
816810
972948
863398
708609
432413
787239
805415
484354
662213
832438
804931
951522
601395
512751
843813
951852
667208
585979
724708
804874
773677
951236
510325
918399
856332
561601
843245
516286
714815
541992
612963
602423
870371
817308
808221
814431
772643
559269
803487
713858
609287
630880
864462
941704
980226
713876
602475
904868
478718
859585
847880
215760
801637
937231
512913
516635
908672
787632
908330
828334
920530
832316
850570
609290
860501
917573
702762
970260
716979
561301
805216
571214
516443
816769
586381
701876
434851
870350
870843
832998
978790
678761
630414
619861
814386
443469
770789
972310
901652
608334
903390
425894
740680
937215
817239
518572
903815
817228
804937
602625
818634
757675
562221
630730
509994
787692
787602
512964
870833
530574
718753
626497
704891
630750
682219
620521
925642
818414
510541
818422
901606
812327
614477
443301
630373
773844
516982
612669
951313
515710
940395
918902
706296
626347
719330
713515
917756
787362
940210
917822
619988
910964
954552
941928
917209
862216
863660
805234
804405
516817
615661
573855
615242
510918
936689
731612
518522
860712
760617
713582
601260
510387
512902
586994
606416
786266
901826
765610
614286
770401
601826
270860
336847
732567
479264
512461
954683
608774
925286
808722
713851
586202
609284
513288
775934
845399
480395
765277
510206
717487
816805
706365
617470
609529
681285
731609
575390
617650
808634
808646
812719
708870
650575
901691
786436
812272
903312
954830
607731
609560
510708
843516
917544
918916
601467
925941
865454
716536
561715
787242
573864
917705
817889
915407
734771
612325
757639
516661
619799
717314
903809
617335
904806
606899
775772
713471
707953
801557
510333
870656
615214
336681
561602
713854
708805
856693
808936
931348
765210
916837
941735
832208
856266
954647
609433
925730
559394
864389
615770
610324
720569
707592
812946
732371
801759
901687
586995
562397
651269
731608
510220
707391
616456
435491
818281
619504
860877
559280
614906
570764
440725
925256
717309
512403
917754
904403
650580
703626
813390
828525
856906
724866
215803
772696
213446
605545
585281
801232
925451
832507
818681
813468
770265
806786
702764
607761
562852
724493
802356
661703
970214
941730
701351
971237
702497
859608
713302
701720
907227
914548
919221
843290
609903
601570
925360
617901
805710
601527
815545
443742
602348
847910
561603
530383
714624
912236
909224
603738
662617
605360
601669
606307
850206
970948
606226
757254
847609
518698
901412
574721
973454
845283
484467
972415
562881
706662
909800
912651
512426
682251
920562
805798
719371
516647
701730
574220
812568
602617
908432
520275
612845
860861
787340
850532
914413
541606
787637
314540
801824
609827
614886
815258
951237
770366
763234
803444
727389
716361
650619
573953
703380
707478
571232
828612
619995
917319
858361
606272
805377
618541
954224
215301
619944
787934
606454
480255
601513
512221
806333
713492
706474
662671
810335
443765
909214
518428
816244
817360
406261
423923
816863
510289
860805
616238
618292
817343
601672
518256
571228
803397
903703
916847
970261
559859
716440
540219
636288
715574
843902
702624
770778
713614
918606
615780
516698
573289
918670
562882
678982
765749
936239
609502
732861
715559
732306
631838
570239
570767
904501
908278
518466
865382
425922
939292
609865
574341
850217
606560
940577
518779
814777
336749
772979
619244
510676
609937
918691
717579
541490
662417
815236
615957
541740
559362
781738
919996
770403
443676
720431
661333
612940
912447
847767
701770
530305
605881
708256
806841
619518
732809
806570
909226
925952
845541
631747
630561
562895
559392
510378
620621
512658
662436
832665
907252
707567
914325
787400
913645
512574
787245
928380
914319
616494
939645
773999
818930
787349
870615
605690
606499
949378
760807
818259
435901
614620
925988
612860
703606
571242
832404
941350
228324
479366
781856
918804
901643
724290
281851
860303
573870
541409
720275
787414
850218
270847
870814
830776
916832
551208
914673
860839
512496
720628
520312
707486
951660
706263
773852
619962
715617
757679
915309
870405
832388
559313
859771
619920
774641
904707
714227
985232
870835
559361
251253
765376
702682
901314
972741
480363
985714
954415
818625
816808
619366
817999
901503
612850
919607
848702
815830
951312
480492
606205
920584
516840
575799
607759
818642
972757
510610
760485
612889
770757
901849
701721
702773
843801
832248
440463
956290
818929
614371
717860
574603
909641
812614
573205
608335
612840
856904
860617
801710
480652
432559
618210
801721
918282
802673
518421
918284
510862
850591
847987
610823
914356
949637
913999
619339
724208
845464
607345
425281
732794
847271
601832
510697
904210
779770
619729
740215
907229
601818
956252
847536
516637
440289
936208
832245
812797
619855
860212
614271
925381
703473
561251
630363
813760
619548
757685
714906
787370
865591
716445
802595
914374
443540
810841
443520
512632
773294
609217
724496
712281
605201
914482
561704
541270
912977
732618
937270
617435
702513
760799
916622
863258
559904
512971
561385
732406
703732
559756
703980
586321
512695
918704
917207
956330
313204
757469
615737
918688
917803
540624
731610
614530
801687
817307
701709
708860
770548
781929
904864
714812
901734
918859
609876
912242
916521
801913
646460
678313
770337
916402
606627
803308
843276
646675
716480
704657
863670
917865
954509
773712
713494
513560
817694
630841
954240
832693
256628
714299
678910
615372
603502
443996
214537
717372
803292
972571
682429
708373
979479
949439
719337
732715
914643
703989
817879
573225
443326
859582
952221
662320
630209
956272
864353
765515
516528
773316
832890
787231
512925
917855
801556
713962
702493
803347
706201
773750
828474
734277
802355
985264
626252
903243
636357
513720
713775
760207
571309
765586
541601
978810
912323
704737
712574
915449
832883
516532
931980
708601
516448
951314
707365
616242
937336
323440
818645
909996
956740
714307
832894
516383
956313
610780
480233
518526
857499
616233
515708
910736
937450
862368
972533
573239
713449
787648
636795
786218
479831
518894
716622
872202
949280
606422
787509
606521
917455
615977
907978
717979
816806
716207
954253
925472
951310
973997
973568
870949
207229
805895
616454
845453
541912
817944
917587
512988
610306
870514
980621
540847
571215
607768
662401
715310
864907
901496
435209
610505
847209
510386
815343
714267
925979
803448
906440
765404
512944
559906
706255
606306
510384
928234
615594
864981
907854
812766
810338
619887
602284
985209
702592
773972
706499
575605
615506
870736
863207
479209
808937
917678
586549
949210
801427
615830
973896
859583
813503
832671
631742
617803
909499
615252
574210
817739
210303
773450
814883
512431
510334
440391
715297
814882
704779
917328
703220
787969
706992
781690
708205
805452
559289
610761
939628
765994
772485
509760
724554
803317
787244
917371
916799
575420
847687
602758
727365
904923
912233
716491
432528
701316
520406
518570
847224
662825
708828
516353
580613
785393
970308
720404
843372
815252
516359
703470
512818
717419
815245
806886
917664
707218
787642
773680
805701
908612
803414
562715
859893
847471
707319
805407
571212
704493
619252
931636
217473
708408
516848
978407
760408
903245
904504
904629
806508
518232
662303
949981
276393
630336
970749
662582
618237
832491
616392
703409
765619
814671
662392
765366
575643
731614
916849
925224
917941
619288
512217
715205
954205
601686
580695
724967
907903
859339
580791
847212
703423
702465
425503
787630
931624
863206
540255
973610
617842
516652
951323
510367
619634
718909
214796
608853
626840
650740
979450
561307
978821
818416
786205
619581
303885
571505
540850
650303
218640
787223
586431
561358
918899
630247
707364
781724
509322
916768
732614
606813
570250
650224
706767
847287
512701
708244
479790
702526
864384
814323
787415
985640
720338
423448
919961
708518
662312
857272
908391
901827
918845
512914
586996
954803
562458
720495
864247
619850
775901
575447
617710
570778
609216
805708
562260
901848
985856
336682
512757
773259
850559
816719
904502
601562
903985
509528
817992
713553
954778
859948
870273
920819
619948
520465
901359
954249
708218
512413
626893
919599
903521
937244
612991
870818
513319
516768
917860
715505
603320
606584
787930
954235
817675
973220
816377
817907
480370
704492
701562
602317
720635
870530
562413
510701
954646
586322
585354
570971
512705
787209
812204
727421
925927
631662
682215
870370
978239
940250
720364
616336
804615
916802
229834
928292
805886
615573
704678
661917
561797
727480
509675
513546
479430
917603
917514
509833
775815
769226
615828
512940
618927
703629
724797
806898
740645
609902
972523
787508
787401
707738
479544
831419
562547
724396
949887
559736
717951
614216
804833
907360
571225
631255
559916
985687
765967
805709
706399
920672
614284
717371
904583
918630
787477
805573
979402
443994
618406
847602
573645
763218
956744
939639
814673
901834
918232
724799
804467
731780
806676
817996
440655
616653
510366
925330
636448
907952
985351
757285
586306
956244
909286
570590
615944
714686
918690
724877
541954
931622
980254
863414
956905
760937
630217
631745
650483
775378
601616
609647
949290
425299
631871
908619
662694
979777
561866
612300
706362
940704
801244
917331
949412
602487
803287
818667
646509
773315
717903
510710
562673
818585
787447
484431
724813
806566
760954
540454
904521
708203
831254
850603
724351
770617
423747
909234
720289
617257
732814
586216
787232
631680
619947
862221
570947
936204
913620
828279
915227
925699
925734
615945
907602
954562
772486
617755
650796
615415
432770
615430
870723
619206
626688
619957
801319
773213
828308
425802
912539
939332
443631
209605
615596
513658
972951
503989
706206
985981
956489
612231
845389
708510
605770
904705
912398
253229
870270
715323
715613
909967
787398
615485
870897
931332
805358
601415
707853
606748
818359
760964
928274
856571
615319
714325
512923
920540
907350
724679
939969
610517
612802
605551
907230
630779
870623
617962
434917
610451
717816
918645
859351
631682
970389
949351
701400
562243
714595
559259
956590
806407
956400
937559
939644
708903
847702
775513
603785
952334
715587
609705
954592
540424
713822
702324
336508
520907
425501
702742
901409
814659
864812
541941
765418
805338
209505
847736
813546
608320
972977
770289
818216
808551
616632
570470
662292
918607
859619
715790
510599
770402
516641
541965
740602
760889
518496
516445
602300
480217
901831
847612
914659
703475
617678
914954
870995
551482
918839
863512
615578
832887
858349
425239
770595
520247
662544
516236
816606
936332
856952
530370
727667
815735
832352
708502
956640
614282
814549
571216
570350
806340
708207
903918
707799
832538
920664
615493
510388
559572
443421
480231
607769
901828
715271
740601
619381
925413
801201
870377
616206
864901
614370
917742
847804
571296
760212
985373
973818
980253
832477
717880
951941
732299
770608
435680
480430
563663
717269
870926
901605
620391
703477
573489
937768
626278
712348
480593
847814
630329
701290
618839
516996
609330
972824
931625
270991
732513
760213
443852
561716
717891
707849
336997
937397
702882
919649
480213
732600
817682
660281
818730
479857
912258
772812
610763
865789
917545
631375
734716
571239
832748
712259
817718
916505
765506
603479
509362
858337
650714
540845
618303
623225
810513
423404
620250
773218
516815
870279
574340
571471
618925
803629
559310
808542
724217
570814
630258
602486
706231
570262
617909
479530
704451
832314
949294
916396
720530
940231
518705
951316
847345
787689
732492
530200
843642
608436
513593
904318
909645
571213
805453
626319
562301
667234
440364
818601
573480
831524
904635
541404
818726
773361
928201
704606
831594
832540
580980
586383
763350
972209
832600
985855
803322
760224
570401
912443
512618
573421
732407
931623
775771
703624
713557
801726
740590
731616
858837
615681
773910
608698
559349
817296
616771
813505
703609
707290
818653
615255
818458
513304
714767
630877
708254
937239
870373
734635
903520
859445
516816
717215
865237
913634
615742
631965
956202
708214
586946
601953
802379
760390
832921
606481
715817
858344
801643
939388
818398
816803
818807
917288
563508
818731
813230
701900
646573
618520
586808
614270
901489
865898
570498
916806
559304
801712
845706
260316
785640
650612
906450
616451
806523
925930
717578
608201
626390
610513
562818
914572
630722
650787
830719
843325
615373
512945
562858
585705
606269
509990
985974
803271
704777
516658
701278
229349
765592
517304
904613
608718
925933
714394
712400
908410
757773
703577
615726
585755
602413
617633
757761
562310
610547
480343
847644
912947
717982
832360
916719
812371
830998
909560
972742
480228
917767
920917
704475
865607
478919
703203
832980
586413
919519
936553
787644
631827
954254
817994
954821
623229
575642
772341
936404
917225
917704
954629
770547
540815
719238
561906
619301
510329
786213
773320
720296
785806
270871
567377
801971
708819
720435
847624
787221
870636
701740
864980
435730
801638
818292
907231
703309
661609
720447
703975
979208
925926
775742
661803
808224
989980
432270
901619
918906
561685
626716
940368
662889
618780
817733
434259
787504
586214
773456
787448
870740
601507
770656
615748
606484
714915
251455
865455
815474
706476
787685
913909
727871
229251
605641
910220
985514
901949
630253
817929
917854
708220
727460
925323
512656
609319
480249
610914
817366
713591
636208
678764
731803
818516
484264
678234
870648
916296
954294
423596
419812
787397
908305
513393
813334
954632
928897
772559
954257
713419
907317
919412
985515
916952
479409
901299
956200
317478
865919
787403
770597
716435
909263
425879
708278
518368
706957
717440
970209
518258
443799
814881
812449
850242
925998
559786
901647
703508
787421
608770
870316
540229
516356
631897
518744
615974
702285
561309
707696
860205
772285
912247
575441
602418
573823
918955
903278
918671
708528
734355
513305
985630
860302
516380
614208
541653
787510
901281
864684
906322
843327
812764
812606
918231
870858
847363
917297
803664
631875
760554
919721
606541
765894
940452
610751
760401
860989
516526
717348
610781
512552
580399
979255
765212
787409
765585
480432
949212
614531
513465
936355
619508
716471
925287
702409
901326
678756
803209
610506
830499
864593
859391
601951
850899
860978
989392
909215
918978
770298
562650
662706
601955
509389
713397
870834
561310
920650
573915
808283
708525
512739
724730
845800
732586
818203
949300
951288
479459
585747
812360
662549
714264
870681
917226
724621
484343
787396
434251
817253
832258
920407
845978
720244
423366
832396
615972
434203
787955
425785
949291
732890
530219
610390
602315
818384
806683
917859
864905
740606
972816
925945
832882
702499
702460
972978
970270
717319
617515
623204
714478
661910
425220
940367
917324
831915
912682
443531
516754
832728
787457
602684
978873
971388
843373
939208
787246
817908
615744
229548
917862
832884
509979
573680
985807
954303
859409
330550
561212
561324
832537
858699
918261
940782
719217
916801
808721
803383
570294
706347
832341
561779
708217
787240
406212
623336
740603
616396
785409
787399
617816
740464
816262
916690
701556
802353
850624
850496
706490
832729
870476
602434
510589
530680
801558
602367
949874
925468
909702
636359
704300
626379
435757
954812
941807
812239
773208
740632
904631
787502
939630
832247
925946
714928
815993
443910
714655
787718
941914
818512
972762
818519
702772
954593
716606
765760
480823
912652
682201
847751
516655
828335
904314
787238
863558
573999
706498
954494
720327
979716
901651
925225
850524
941320
978944
712441
724989
862686
630306
609907
574214
626274
941524
956414
870688
715292
561339
925549
714310
732915
708280
787436
609841
770365
717253
864497
512771
908803
660537
832267
631579
716868
720276
603560
561319
315246
805674
787309
513417
559281
904708
859229
908512
540354
803319
910546
814572
616234
865235
479561
973420
916337
678230
714425
715360
650996
989404
443474
610392
516527
908693
727510
512917
845537
925746
678294
616309
919802
615782
480225
520272
970390
619246
951318
714273
719332
718877
812361
510517
714454
870844
801688
702338
443995
229460
650766
832857
972989
336671
773490
724651
732954
601613
716866
540840
716378
865604
760846
512517
214926
440522
931252
712501
925899
865387
787467
805509
626674
617291
787404
814730
918557
606842
818404
612867
917755
434548
770367
585752
704712
612817
937214
570557
773480
859797
541218
787243
580504
870826
714651
540550
