601540
662832
601248
662897
601597
601551
601938
662816
662295
601906
662769
662209
601573
662764
601441
601319
662719
601382
601517
601606
601720
662552
662588
601498
662645
601337
601757
662386
662299
662794
601408
601455
662310
601717
601754
769220
662822
662444
662296
662418
662820
601508
662541
662934
662361
662404
662907
601218
601472
662871
601270
662808
769798
601941
601575
769475
662831
662687
662803
601916
601303
662207
662251
601934
662266
662902
601624
662809
662571
901461
662927
601410
