805336
786326
857261
702504
857236
817902
774386
786278
510712
754245
561502
772634
909232
956438
786333
786873
810336
857312
786283
727678
772626
774360
786970
715437
727831
832989
510776
954865
989332
682221
813900
786306
863934
347737
714341
650921
857615
714818
862888
650271
754235
813770
909236
754423
678789
857266
786803
678851
786366
678887
857258
702542
754246
786715
786379
678914
978876
678600
909545
914258
561574
678755
760556
954588
678698
857247
760905
857417
626343
715805
772501
770873
567315
925497
917600
562507
786357
832994
631575
954394
903917
916410
786487
770912
561577
786663
718600
916519
715351
925339
901513
786370
857251
561541
786488
603820
770256
714561
702502
786222
909246
786290
813562
901364
786399
715219
714574
786355
754422
650834
954297
813863
530315
786339
678508
715650
832869
706351
562313
715270
916470
702689
754368
786344
561255
707712
650771
813516
916821
916613
347666
715906
561667
561305
754244
920422
646474
786444
786234
715741
786343
915803
616589
786443
904554
609470
650630
661346
941565
715250
813458
561856
916308
857249
770374
973336
770572
561201
561633
831794
954638
786426
916271
678760
646353
810308
813735
786356
954479
754204
714605
954822
857237
510472
562326
786287
313257
720451
517894
561294
678886
754367
805806
510938
702517
954274
813410
920508
510706
678768
813802
908422
832872
209570
678754
561929
516451
786486
803880
860890
813965
626409
734444
917500
904444
925565
714650
786286
678663
732900
754214
916370
715625
714499
818799
909242
702619
786346
786262
646363
954709
786277
714631
646377
754366
786285
646399
916289
754234
714737
646730
832988
