518221
512653
909952
773858
845401
410808
702401
850356
978404
443768
843364
708296
860897
646579
603969
561889
617216
972365
862766
702203
509438
425591
804641
772216
716812
443435
817657
541331
971207
704649
918830
787559
913575
612363
562212
619638
818277
913230
787529
586675
901331
646408
443744
801949
901330
423963
818612
312907
863205
509910
702412
904234
320309
724988
951515
941815
571238
602832
571221
646246
847791
651398
917731
732423
908361
937361
612685
585713
918320
832527
918360
703371
706536
443336
510872
609352
832453
787668
903819
815703
914562
985637
706527
954661
985778
623261
678362
787297
661816
806441
910587
913609
816564
586801
845893
623451
845662
813495
832452
513678
939322
518892
937673
513349
978210
972897
714353
512791
785341
863528
518866
443226
912980
619251
651248
949678
910352
956746
818968
601347
617970
845656
909721
956498
517749
920205
732619
815690
434825
802310
760458
760535
443580
903466
619250
276389
843200
484256
708264
716818
540335
757581
787810
619846
630709
910441
626392
803529
650544
530321
860778
510798
708466
804901
872230
917523
708259
774259
443528
803546
773642
916257
512689
443560
775232
920242
563564
630461
734637
703868
630674
978869
512786
949279
646281
702806
917659
775745
806544
518378
602577
734915
828242
808960
703568
610529
609929
727224
623210
714862
734657
918408
936250
914943
919520
713256
941737
917548
909964
815482
832642
551804
425652
720840
708368
703856
978512
831970
954857
936461
937467
949283
484614
541279
660473
909268
980200
803556
832609
845742
757537
631334
720732
425269
765242
859509
773991
909648
516473
443829
646326
831212
616835
425864
561719
832760
541212
619571
804307
928600
956493
808479
785845
937536
951385
682438
651755
813520
610453
617596
571839
978423
517403
817680
618447
810499
913568
623221
708674
718809
646739
661201
903691
856465
787536
313363
713539
480797
559273
706495
903376
912322
917687
561718
602796
616893
763282
443463
612600
650219
818554
804437
708932
719290
832723
918407
803479
843367
612290
863801
915726
513257
760899
720218
518879
985210
424215
714420
973277
316234
813786
614937
817874
787565
740710
832256
763264
714863
954560
602552
704363
757575
480529
970333
612310
586405
443651
702429
719671
951283
815557
904472
301523
787676
720353
920248
860234
734891
574300
832435
804386
956212
718669
727647
914403
916284
978509
916276
904449
816668
919332
615389
620474
928486
443864
714884
732620
773749
708378
704352
540293
757328
813299
856577
864266
954464
630205
323445
786525
763507
734717
561702
818339
850528
323787
914906
816645
773655
630327
609548
909636
757348
518210
765228
810423
812736
630745
804301
717648
843424
630669
832338
321287
904537
816438
630546
732644
650776
646423
562208
702245
650444
813785
708359
903319
914447
970567
646533
919868
609992
940206
914299
425971
978360
517202
580230
801430
910237
512699
562209
724516
740225
818917
832651
830237
787531
626255
717380
978985
562500
646765
646235
801420
850590
763304
774836
919369
614348
571251
512680
714809
540294
972877
847401
860922
518844
845597
714366
985294
817798
919671
619608
603817
702557
910376
719964
954448
917501
516424
818481
817401
817797
650281
727600
808778
954410
610348
717386
602369
443623
954665
540481
516991
646425
443418
724321
801835
971563
626786
781576
856655
601614
917474
773746
732309
540448
617719
956321
817658
602931
224336
732979
956463
513571
615689
318803
860982
713398
832971
804252
614288
703855
719213
925895
816646
918312
808783
720260
509701
443416
765243
847456
941286
859213
434420
614893
815483
828238
208404
773851
956466
814434
805310
951570
513544
804640
630202
863873
951757
614354
740821
919434
813857
919395
832746
831325
631664
904508
954483
614989
779300
951712
512644
617212
915727
979412
419917
559351
813789
443801
917604
760590
954203
740705
832549
714585
614778
786382
815378
832233
970566
901600
617839
650533
787358
617290
612366
619807
717443
847514
908875
859492
925570
760612
973418
804926
636346
512743
586872
864337
917204
808478
626399
617359
646337
703926
918904
678873
817300
914879
716570
513413
630392
713998
708574
949795
830200
616889
626523
804919
818694
808781
561352
971226
661547
716573
585230
903635
609780
706951
540818
786256
816365
917570
903851
562755
773960
562843
617256
818693
954868
270303
720290
646772
903348
801634
515803
956432
619822
612388
714381
806309
832563
732685
720350
603234
814504
913461
760801
973885
941812
630330
763461
618203
434378
240432
843260
215740
571436
760641
904334
515554
914497
571283
520266
559308
517204
703929
516523
540664
956735
682667
434546
785550
956571
954268
713545
760427
817521
832901
917416
787594
917309
916705
678637
774288
904591
781962
781548
850291
682465
760508
816914
805636
785218
660271
802399
847769
703928
817723
512573
773495
561376
828489
919422
813927
720314
917771
419870
704258
806332
919795
904424
773469
740973
919921
732213
323253
480226
818692
917567
720838
512748
602403
708774
919492
520401
518848
573673
941650
520390
708257
626627
513616
530682
619666
848525
757724
512563
713320
661312
803467
763238
727639
571722
757831
770231
740244
916869
831776
810531
831869
925766
763305
715252
609685
561723
772633
773440
917721
951250
956251
510691
612743
787564
662752
817863
913207
612490
512659
773619
810650
559217
618581
716228
917337
941448
443306
803518
937369
832439
601238
980721
706313
847863
586604
978473
614332
708268
951538
815549
617935
586524
917577
757573
540271
480560
443916
956501
918269
787554
915241
757748
732470
617828
651231
858688
865388
614290
516852
816582
586943
818220
757580
843465
863228
517712
443324
903275
818916
832689
646232
909559
734368
775250
707628
719209
773447
646342
616633
863557
434444
832741
806729
773418
646296
917559
574310
951581
626488
779203
423967
773459
516351
954279
646544
808375
612275
720351
708759
432349
913200
561756
773457
530681
704974
520631
512787
804677
787470
616291
617201
518331
336558
773419
817629
860983
612369
909717
614496
614679
772201
614946
571233
817706
951634
614622
585403
805797
734752
818355
480200
913219
586615
757544
917417
909496
847322
917662
850393
914227
517812
843475
541337
513266
678776
573230
734972
773963
585615
770294
704244
612695
541948
774242
843514
954347
951377
520981
908468
602741
708785
816738
740404
859396
443694
980521
616890
773616
773671
719930
845806
575318
720373
917681
734624
816210
832722
909322
918809
708906
562688
425351
916752
703728
954520
478775
646523
704267
803363
617271
541680
915433
704287
832326
708715
804651
608385
630926
864534
870413
870665
405436
956844
956655
952451
856982
928710
847293
434247
727638
708208
847529
585290
540287
336462
316203
704309
540478
936414
614206
806517
443404
858864
859433
832215
616308
757329
541390
956497
650280
858829
716908
847924
276492
781201
757718
701200
512769
860888
815302
660864
917682
580491
612715
847275
623202
812209
843437
808250
903240
787432
603765
618741
702503
434760
763620
913653
775690
760443
856466
818233
540607
440263
631872
832845
757576
813494
847812
559647
847477
904237
321863
786229
510393
708969
919924
617251
956592
845590
954501
937380
512294
616329
843338
678794
518307
925207
540323
804475
863634
817705
615715
972880
972802
425761
513225
575442
785608
518542
773759
571330
626676
781504
573795
210378
786586
817538
917804
443925
918810
707704
708955
870882
618410
626394
708473
774303
813846
818749
787964
530848
561644
586360
208406
816305
616337
617799
757779
763666
832797
787587
562254
626230
917723
781953
510435
954529
618550
734945
832428
954336
918685
614353
803526
562639
815621
920277
847366
858254
313353
714471
713443
708692
510205
773310
585414
940923
951229
484357
717226
440343
614774
951334
818470
425891
615566
805432
734497
601435
510681
817845
562577
917701
520977
515556
540793
630697
816916
630903
757714
941518
910528
954214
512589
818209
650814
810533
954729
646323
646302
757438
734341
570760
646260
609672
910583
480203
708495
724570
619459
816269
646996
832515
603438
781520
954699
681212
956821
312890
917450
860538
843263
440915
610931
904626
732682
720841
510459
904769
925457
803800
540537
757270
662425
714231
716830
850305
631926
804306
574876
847417
812987
850525
773416
443932
956341
608209
610476
903618
516322
602574
610800
540560
916870
269217
732207
616437
602752
513617
740459
813732
916792
937360
813781
813714
610986
832754
631463
650201
904382
985647
817846
860913
561662
828423
850258
856264
770652
856979
832545
702348
517902
803513
801358
562234
757701
706593
856297
573587
903749
813363
516423
704791
714981
717404
631764
585905
917541
812290
708612
786269
954288
609254
832216
941586
631383
702300
956206
619867
863214
803524
612990
720839
917532
719821
703655
832724
609816
602750
571244
949813
720940
920256
425754
562440
602578
702573
801918
619520
513290
985686
865300
720291
757574
815403
573268
618531
919539
740701
512799
540522
706853
704277
512784
817721
732558
517528
870868
559469
707758
760403
920220
575317
716310
614603
801414
941628
918406
626234
773719
864304
708530
631484
832687
616886
610960
732670
661900
516642
602697
870440
913579
763900
661979
703400
434401
518330
714658
443414
815579
810577
806218
586634
901228
936714
269377
516807
773540
918780
808561
703863
816547
773503
651274
630781
704726
865384
908482
727423
919796
623217
818652
707694
919673
562686
863245
540836
541720
614483
773552
813917
571437
509728
678984
661212
517358
810610
928246
850357
914760
832574
619227
985960
646372
862668
847708
512630
707249
808330
717587
801674
646299
970539
817825
614374
913269
916501
864449
480206
708200
520990
623764
602303
619602
941539
480251
615926
765278
928446
774930
904347
913707
863529
810459
678410
937489
757435
817630
801564
646594
914563
919669
949510
646621
703585
612998
937321
919244
937251
916871
941544
832837
607331
704634
979257
816213
314322
720232
517719
848250
763232
609517
703867
917407
616262
757235
612250
813297
773930
760402
781858
813380
940859
773593
917805
978590
617501
602849
864386
614657
708238
615394
832865
617308
818402
779233
520371
580278
603799
612919
832719
702510
561222
863651
636262
609638
786261
704668
734777
917673
972333
903244
916240
517610
863581
920331
815519
763800
617908
602790
813918
612282
970391
952239
208380
773220
562307
714926
618204
810625
540641
715212
740709
650218
914424
847878
518858
616836
601454
646488
516850
763239
781351
720233
763215
937305
716997
740708
781367
520427
602751
817689
859991
510774
602471
443629
719491
646303
813391
863441
850251
917568
561261
630688
614743
734260
425260
805732
610656
805331
940444
646702
609209
512507
830422
985665
847331
440623
719310
956458
870791
810343
620875
919625
860857
812589
763206
956494
714457
602770
513227
602696
616813
773406
760455
626494
832443
773499
510484
817691
510755
586453
808298
773803
916826
864444
803242
717577
708417
718216
757342
516668
832578
773297
910551
724518
717465
561350
703798
773562
773949
803586
913208
724612
517404
480650
540974
313229
703675
832731
860478
870225
832725
714493
580280
717629
910273
515988
813787
856495
951858
707974
985295
832372
904894
773615
805406
978884
703898
978726
803316
956219
661810
646879
954461
843318
843476
610496
513289
757735
913706
630747
910554
570656
708699
423595
515778
857257
832259
630768
810627
732522
619886
817938
941268
917405
530415
978265
623521
806466
856392
812219
702809
518229
540671
708372
609381
530210
702561
978580
702491
443803
612730
630731
857212
787800
574265
805587
704615
801330
571259
603235
714612
702917
614649
832567
646529
513623
617293
862230
626926
516909
916730
928420
919524
917304
830445
515451
908553
973583
763303
815405
662519
707280
720380
804986
832594
954882
801651
908413
864367
703862
281772
801473
510719
781844
847343
787298
610564
937674
703599
910382
757206
817919
617270
864809
714448
720203
757589
808864
443466
616218
864303
845222
651276
913484
240626
830456
516369
618779
510754
559805
601400
918289
443908
517673
856275
559352
609972
720971
772713
951551
484239
443415
561876
608359
763224
989620
209652
978828
540476
856425
910367
615999
917807
904535
816985
775287
614625
704453
510825
773563
845494
917217
904487
612578
518335
509370
913314
630452
914804
786412
843453
847338
609349
435862
715302
937304
928279
787431
956204
619829
804647
719369
631523
443250
480720
626712
708509
951347
703786
903372
863241
864357
720371
617767
832752
806438
719334
765977
626890
520789
512779
540379
540397
443309
516315
720270
781883
830734
540915
919478
443413
516610
918808
815790
612385
909528
440339
602791
631431
816304
901553
917858
774696
312933
919427
770900
650906
708646
631767
678300
920378
210717
336471
631796
703725
858220
818795
815739
646526
787627
760802
646456
434882
701306
919247
919559
763266
630201
801403
863661
443506
913633
845659
808371
518857
443536
561707
787550
804882
256406
619218
919426
781983
432978
602592
740550
847561
440336
561670
570840
443913
520869
630728
646373
956237
909994
540325
651387
703296
720234
806548
571269
917279
253653
781330
646938
803361
314221
574226
813728
601628
928941
847815
956499
563505
860625
925580
918409
570274
530209
763256
757582
801920
774285
817681
510453
904233
832229
843241
979574
914625
765338
815404
518365
562572
646221
773317
915203
917468
561722
773209
801205
276494
925382
904566
787533
864356
917549
770480
760619
813477
484213
520256
740975
616318
609231
708559
218234
662648
772370
561262
781704
954816
910279
806928
646498
480227
716510
425221
970258
916825
575496
970582
617388
609977
787532
619248
719200
816729
979575
956460
651503
615456
610633
318298
856449
973280
480221
512797
561441
650274
954818
586871
845665
562230
707235
818822
903288
949836
516557
484410
513252
781470
909578
512709
512296
787596
601918
562235
817941
510714
480495
540816
773979
760562
850543
757202
916416
480580
630809
646382
719210
860833
913952
602657
518528
630901
651775
571264
913475
720641
740819
828291
575777
530308
702812
865208
980230
706627
815509
703899
704968
773793
718607
718791
910658
908220
917569
719761
860883
443277
914565
662812
704222
806388
763209
512845
786531
940597
786402
518361
913927
509879
773507
573353
619454
862202
817822
916548
909772
765271
740703
760486
913223
559804
720205
516425
512525
919454
484330
561714
917406
956720
518376
773678
702400
951453
520271
509868
513226
816721
630660
804304
419810
773301
815970
440452
813967
786400
872600
806239
510772
614327
714240
650270
734330
509432
732768
704674
718908
801309
989482
915861
714412
989529
717554
913220
435282
806236
704293
951906
956454
972898
816215
562225
925383
951259
832771
917440
972670
803565
704500
615533
516782
702860
702713
515865
757560
805236
808782
803309
901220
570793
979492
956434
787562
619726
832541
704224
830352
917686
609839
336470
678358
804878
858663
972589
619379
484219
831901
602763
815219
787547
512635
702205
830556
678548
714225
817875
719291
856625
626391
941545
985966
781603
512740
928303
937248
703731
678612
802683
810656
734883
863673
650468
915204
941585
815955
817729
970213
540241
724413
815670
847452
586350
347383
804479
208403
541501
832969
773953
570815
949929
702296
425280
857526
920681
703587
917676
817829
702612
915799
619852
765713
646345
979417
703200
763892
954668
786859
574514
864525
858583
860985
720319
786348
863287
903933
858518
562587
760809
775691
425830
571235
913238
715864
603219
513545
903491
732433
646325
904386
434426
843267
774688
718813
985269
517605
479685
517490
619572
619654
937219
956209
434429
857492
828280
518505
618593
720581
773699
913908
734216
720331
561945
559790
562244
832250
443473
515918
704965
580284
612221
956345
865385
901508
951965
707208
603300
913292
801636
918206
510967
760532
614900
801301
916997
973332
913526
602582
443468
818674
787948
602722
614975
585709
781589
707332
862900
601609
847774
845721
951232
781500
608658
773908
732803
910797
816686
956239
602743
813360
509475
810523
813784
512297
510209
908884
954445
513383
956325
847722
404964
845699
845616
716936
614571
619843
801318
717729
978375
717278
919358
602318
956343
919730
857719
626367
720988
812989
818605
520227
614402
956334
575302
904838
951830
610721
765543
832647
602721
815540
571241
618567
636236
757572
903770
520370
787526
714936
719320
978417
419371
903899
714654
818720
631294
956650
786236
443814
724350
904803
617869
808372
760497
646748
804721
913957
517819
818974
425244
443806
612239
914382
985969
631445
760586
916320
703864
630774
601571
913617
510812
312735
614783
909917
760578
585370
781913
813478
919824
781901
954559
804439
757344
720474
919697
954444
832483
908296
516607
704299
806448
816651
781608
757449
626945
913593
812208
786299
602793
617461
913488
520861
708516
757676
917447
980722
863244
770616
443807
864363
937313
803600
704400
817939
585509
606615
951545
626393
702787
845430
910474
920318
602740
510469
916343
904534
956227
614226
610809
586420
520971
732904
732693
917578
917674
832368
801502
646554
956792
909376
970988
909208
541441
650222
917531
787356
623341
774263
772260
480600
717542
614207
949235
586944
512762
832654
779875
585415
717821
651216
734231
828312
918644
941809
816678
740704
435531
805896
803466
423943
847757
910381
646261
912220
626625
646319
816695
734652
316377
918361
636578
513259
479283
702716
832816
949307
773993
808780
843296
817637
832362
630417
781696
956456
803290
520940
949872
786295
719499
865755
973445
570527
760534
925864
787295
602785
646263
973725
847971
816352
856207
757535
617233
704281
781760
810397
978804
616638
845629
520870
914774
910263
626806
816315
816918
571263
440258
775203
708250
214621
920203
650346
872237
518653
617594
479237
571237
862755
612306
630816
772528
612207
601392
714404
714476
757593
786365
713385
806559
443804
541232
602921
808216
720271
872232
614419
720301
818679
714472
509869
920222
586491
773587
804909
520982
708705
832656
817683
917776
618781
267977
817791
917295
770560
708537
619253
702743
717421
971212
434409
614749
863234
847858
914384
850276
504316
801390
614373
707616
804519
432816
603557
623297
703598
913235
913237
704202
501818
714206
774286
909821
832264
903624
917553
928488
940642
949289
702813
860655
860961
832265
858213
443271
917334
740974
425508
773392
847875
901900
787461
714396
720837
714483
805207
903332
732948
619723
815712
954658
763500
708514
847980
608213
917653
812760
970978
904505
915892
617458
786387
814329
602430
423277
832978
910297
719240
917335
612237
760250
860601
850699
832385
928230
847344
760660
512619
954605
856265
443865
443314
760595
443633
863559
713875
843458
773370
513253
720849
804683
585820
773512
773531
602757
559994
708743
618558
616293
702572
765532
847652
985713
630808
913486
910261
773368
985774
509727
646208
510867
703861
718810
954204
781964
704506
612964
727243
541324
774219
850698
586709
832423
423421
719243
845380
763652
773367
714376
631394
760594
585317
863585
847800
903268
860680
732496
574601
847571
832257
951796
956222
443680
520661
617590
702578
773621
773559
714910
781420
860984
985271
954931
954465
559681
619347
617756
808306
773398
910431
719459
920371
480234
617304
847903
919201
443866
603661
806444
513200
708878
757303
603944
720339
484571
708243
714348
818266
619384
781408
760409
847530
954914
562965
857231
631433
619368
540578
562824
616862
972814
914438
918892
937389
956491
925984
678414
914557
618691
435232
626644
757737
631774
901736
707975
985253
832496
702808
714920
773386
706412
806535
978479
787962
708504
612251
956537
516779
602576
516250
804908
518209
425876
646773
970201
510866
805857
443621
510932
773491
765215
424232
602692
816588
925202
702604
773425
954325
612558
704902
941232
941587
917560
979418
574903
561951
609743
804933
904759
917709
954856
787667
626705
612462
801661
956455
816309
832309
915269
872226
949400
734564
702610
631672
956496
513348
903445
631896
715771
571220
858967
763246
703398
520991
919923
818941
757921
816679
773879
804247
702884
708595
540295
810691
812305
580277
515991
704701
954557
610587
919394
650315
612296
716251
814469
985381
702717
561414
979525
787902
541870
860209
863860
847942
443810
781405
804943
601329
708275
651373
803439
815260
904669
515943
617821
954553
954873
772473
516770
816825
787967
724712
678595
646245
917806
602705
603674
704622
650954
573424
512773
618719
703869
787671
646279
872800
908531
954662
954899
702204
513258
757561
845461
773354
917299
913272
773876
708670
585305
951544
614584
574320
575312
630878
774289
919264
763464
516924
719963
925518
518506
610972
513578
609792
772267
617593
817819
956522
917749
863781
786371
757770
443802
862226
850527
917202
973417
989239
772708
914469
781866
614537
586823
806206
609377
708600
787960
215678
734320
510757
832473
602505
763438
602579
443497
832577
915443
678859
479218
978853
636734
804617
763570
510385
619647
702574
434465
618960
870562
920251
956793
952220
773430
818723
603512
630742
512848
610805
702406
937607
615642
619847
612559
626831
757237
919291
787469
847361
517240
515202
510750
512731
608239
617980
513462
913485
614554
937516
646298
517862
801381
208412
512796
757218
863412
561436
540649
954263
850554
810217
763281
586945
630918
702581
832508
781568
916317
509759
860268
574532
904509
978815
612220
940300
917312
978305
973296
732684
949456
908244
937677
585802
773403
910443
903370
619921
253376
817726
919225
716316
781252
904219
787539
716583
618540
773853
908397
530828
936223
512587
541543
828390
518878
607343
510760
419392
602312
920217
562964
626536
541301
817690
574315
818335
425518
510290
812207
425766
702351
970980
650333
787530
614668
561248
740706
903631
925525
832332
443790
575497
719205
816522
812841
714865
520250
575693
815791
602614
570228
918327
603231
832489
540455
443882
913240
847489
773494
915276
516790
732489
646489
626232
559270
612408
773641
850313
601327
808779
830377
732648
787347
914396
623340
740707
787348
646228
720313
561239
651334
603997
937367
651263
973390
646294
781389
512350
954650
708288
903517
864505
863242
678898
786374
618530
585303
575308
708724
618580
704361
720334
801514
810614
740972
859329
602214
919464
661209
716940
773885
787996
910257
916919
901376
937241
609346
517795
804687
612432
801574
602930
440503
757602
740272
804854
540519
585576
773407
936499
610563
781204
714931
561654
787593
510376
614735
619392
432889
863698
863381
757729
815914
630865
650248
732801
443894
615803
719492
925209
706681
714317
937527
787603
602672
916275
908966
646538
516805
808870
563650
940224
845313
586855
630664
773842
928388
914490
646234
719233
562746
630675
832801
770318
919656
917449
616706
862223
646528
806400
763228
601434
678614
763351
847445
646391
859621
513254
706464
610637
602573
573216
704507
904536
561351
719460
786368
951230
631671
859983
909534
928533
978201
708935
602425
804218
956459
614638
763702
631276
786760
601610
859312
510773
956778
913260
252258
917418
619954
510684
713446
651285
772323
510715
954275
850519
540819
956648
734323
916549
515208
917642
630514
443762
985255
920265
650520
704239
956490
561870
706533
773454
512789
786367
760272
707310
678409
703906
760613
520474
530624
813267
832686
703932
925260
856498
716465
714791
478808
850358
914494
989233
773738
559307
614378
720363
828217
936443
917482
843324
904885
618670
510377
559333
773606
980208
425931
224465
925250
863838
857888
804400
970689
602670
919423
586557
757768
717758
443622
616405
904476
951662
817937
703597
956543
434728
616821
617905
435229
603591
616427
609851
816294
772475
910286
763216
517206
617504
909231
479285
484554
773443
559213
651283
681427
781727
832498
720312
612267
509599
440622
662753
859552
843247
830370
850685
818415
520606
919672
801750
602723
703930
832928
619279
787364
706664
425750
571356
602872
715379
989737
630666
619249
760275
830385
773426
864844
330431
423593
630673
732921
847833
760559
914755
804852
571288
773984
708299
586610
734678
602642
917939
702210
614439
602502
570499
785375
808357
651338
985215
951536
646316
661978
904556
912571
913481
787586
774236
585202
562805
937603
727919
502435
619665
703231
801259
513295
513615
440796
774201
702428
757592
630886
510593
517937
773544
678758
817800
520280
717324
908343
602460
954558
630667
816885
708545
423544
619778
720525
661717
773263
610842
517677
646729
956492
862823
614597
646418
516841
920603
630430
949254
704913
956235
646567
702810
787942
571991
865740
580647
443871
806584
602690
571268
773716
805431
646295
918889
540327
714720
484300
516749
832414
949306
918565
956337
786251
773412
757470
781706
540435
913221
702587
863990
813376
760521
832347
520979
872220
956827
702845
863233
563676
850596
757450
651230
336695
956453
941915
989992
787907
909567
951378
954599
510551
616299
772453
219608
615405
661492
860250
716390
810449
713927
661313
512801
617592
612328
716553
832721
917554
571245
864275
904545
806433
479420
678618
956862
646977
815501
913226
229630
419944
937604
563529
702807
832524
914912
954770
786255
434531
609868
702265
716308
814280
920254
630479
239285
787525
757610
703582
936672
954234
708261
757343
949278
847409
619750
801680
660853
954817
619247
732300
443965
612272
515447
785554
909489
720333
804283
770527
724971
904392
614352
714470
870441
626975
818613
702591
915373
978413
336451
619865
815693
602295
716909
630770
661510
818535
602725
443769
646271
601365
662616
702287
443822
978476
818430
972896
646210
610636
708829
707333
516903
562712
773617
714365
816665
651226
816935
602400
561859
620217
973703
909841
704201
928542
913638
830534
586531
870519
949689
651336
832236
913687
858212
580649
904813
925595
602768
432352
980348
774269
816674
619804
936648
512844
616292
773567
785342
770780
973876
772215
631831
609332
818262
818231
949842
617438
864567
808368
956451
702349
703593
775450
678613
714235
781414
608217
843425
609892
832718
956457
603682
608724
810210
520249
773216
602565
954243
914564
956495
774287
817707
850232
937605
704320
847372
786759
954393
603396
443677
702756
678592
757660
919333
916417
803549
847845
610470
919696
913915
704728
561703
831750
614323
702303
570233
757717
561628
