973960
732688
817501
630362
713478
786325
253227
813263
832290
832597
513888
949690
832929
512554
734709
832938
513302
435225
716907
917915
913203
561229
626757
702417
956472
786702
609369
480332
804503
443939
831224
985956
719271
646288
631455
931809
917251
541908
817714
801970
443570
646361
773727
808724
616264
978885
586489
785979
773704
909470
636675
786617
904662
423314
978390
786614
917459
973462
601868
562832
970581
801898
727776
910476
816786
772240
941726
872235
859866
626715
563571
832643
612298
808383
832868
973687
609509
706615
704906
856236
913325
513328
610864
832774
646269
917650
832298
713291
915630
480326
816617
847208
567219
917535
781492
952457
832867
917476
919931
646642
704953
832273
913731
510717
908590
843252
912272
787460
973517
504931
843452
973931
910262
863458
716903
484557
646309
773691
612423
832283
872701
939217
720352
620719
801787
720261
630802
562682
570604
614592
808218
646752
702326
918915
713517
954305
808989
863521
818744
516469
917238
801500
813300
816739
773865
615710
956639
843442
636293
615635
646724
989906
646427
646249
910265
626560
832715
773732
623628
651208
787344
814384
904881
561843
954225
787598
714603
979709
208409
636579
734905
917378
917340
860997
848468
925577
915328
832877
801800
605728
812581
651307
720938
808256
718415
978902
818919
951775
954864
718314
713922
786208
586344
641318
704819
512576
631428
580644
646622
860514
954682
440317
856383
931262
773240
740825
832755
843206
713298
646732
706888
917478
917412
516312
563593
434227
678779
917582
954854
832212
660528
801864
978397
678665
760880
720936
918814
646266
773816
570442
575650
801856
910670
704905
757358
714717
609271
646420
425273
614316
832859
517980
954470
931539
832282
917945
615918
831210
774526
609665
904434
864201
682560
843997
602410
720980
706402
917770
931998
860328
516707
832339
860834
817808
609968
786340
570817
713382
972904
773814
765631
828216
915731
843240
828215
832228
707342
734450
832907
443825
720421
435512
916477
832814
561827
719287
702336
816248
872229
901279
609516
917519
562787
443722
915274
630788
910539
510282
512508
917214
810394
801809
857891
813679
682597
773837
708945
714728
857544
786797
646662
917306
858610
435313
480577
847912
615705
801915
630915
912224
646683
423313
612245
732322
832640
919633
425773
801830
646824
615638
559709
818943
612501
832276
651442
630400
916595
425343
702234
773971
702372
586822
423647
786253
757230
617407
787452
734934
662491
818571
717538
903423
713992
917291
832716
512998
919593
843229
808385
719406
646239
781888
701729
832274
917495
773501
970393
781267
419973
480703
786280
720217
786554
440319
727271
435525
787368
850345
954536
786354
661373
919344
956240
551358
916225
918812
615602
646591
864559
951907
937830
917436
717608
917517
956324
832875
929257
818445
646287
845282
929278
646920
954937
978457
787226
808381
857222
917345
609553
941264
714548
612229
609505
512909
571277
787678
949903
682230
646436
773895
734262
843446
773510
646331
908240
708940
787604
787566
832606
347845
847962
843304
719229
646209
785418
774253
646251
939865
678670
651500
646250
847630
682365
614779
862571
954860
516808
520440
901921
714726
917385
704904
973563
832231
832638
949394
931339
915253
787359
787458
732485
787605
562569
779703
617953
708655
973980
727688
678793
787528
678462
917640
229444
843224
646220
917257
872303
816456
732581
631355
786543
973519
602405
716579
808389
804549
571435
602481
715222
682234
757839
857869
612806
702981
706386
720934
423999
815793
787310
818913
904294
816699
954663
580340
706373
909485
720965
815608
631790
830765
718864
956624
828781
847809
980267
443653
425442
817891
715497
601212
585981
773679
828962
864787
425770
773656
703981
609721
832503
904651
832434
540429
586873
913244
864401
803243
616617
513501
651329
901338
773543
843251
720589
740274
573639
734644
937838
917348
603205
516244
762436
815919
612703
918813
702883
631882
619277
978335
425350
954655
787459
917916
929293
816258
908342
808741
856308
918853
646639
918815
872803
915329
787462
678643
541579
952212
682554
832287
872218
484529
646515
816726
787346
773964
425232
704858
917907
908922
864376
862220
646577
781632
954330
925325
860796
612242
818448
917892
910747
808255
615935
860794
602503
816824
973342
480242
708717
516503
435327
786281
808205
989501
651353
612481
651214
706877
678697
571338
706442
517918
646322
631220
631974
919579
832931
682559
952201
520481
347210
732829
773875
917379
939325
872209
914434
848333
901216
801671
423617
603264
843450
435764
773988
915216
773931
717343
706589
954907
787629
856520
651246
716292
571484
630890
425246
787951
757927
646203
720394
781354
631748
719201
786252
939232
801628
843246
916220
872305
623703
678770
720323
631836
903336
804605
646508
480434
727686
813808
843478
682552
623330
917496
801668
660909
813766
954554
910527
713894
505450
814218
616634
612707
480241
808382
623332
901438
720280
954471
857389
719321
801808
832768
513293
646321
631833
860938
551556
808990
440749
773986
754207
646226
832863
567801
727488
786609
516225
785304
614209
715606
443929
574386
612203
786282
801815
865232
646944
719453
702328
956533
601316
618917
563889
732318
708953
908416
319457
832279
910526
787662
904422
626731
336457
646643
931610
872706
970405
713261
708673
913271
810333
918330
832359
832815
908294
956645
646286
317702
843222
832607
631922
646258
917365
803446
843597
864340
951756
786302
801458
904415
727481
425829
732925
773574
336772
917497
832983
803387
786553
612226
678200
516205
646267
847312
631645
786683
817903
786201
602380
915873
801941
347307
704907
773742
939203
804502
610653
630965
480277
717802
917302
517303
702292
817881
919396
612987
773600
734925
571278
423383
832630
801814
513331
580643
512698
787669
423646
786973
904859
812391
713459
813810
872252
708830
978394
952200
939228
443254
516728
813843
609233
760960
864346
971506
757332
630670
919637
571426
914433
859536
646623
717330
641510
614843
806471
513307
832573
908906
917403
917330
630677
772480
646387
832605
956241
813203
612986
801706
301693
425346
610203
614556
734576
612205
910318
718200
612978
843254
443889
904333
610905
917294
641861
939308
646318
864621
773603
561480
617818
787702
614615
786451
908764
786547
617792
617319
915867
901319
612644
515770
843457
562331
618789
808429
708314
832705
773939
646338
754610
917774
615877
812223
631398
518334
518986
816694
678469
787367
646384
561713
770309
682553
803236
919523
512903
763245
651434
970402
334413
828205
917400
816328
787513
917622
702355
646961
773319
708890
832805
646881
563495
915252
719232
787988
720231
708769
708691
929245
513886
915240
660525
602332
949310
646240
816267
816288
757339
610504
443538
915920
909997
216376
610570
210744
713530
956293
910258
808258
970691
832526
631507
313258
575621
787974
714797
520313
423773
913636
682472
845300
872801
909272
973393
939339
443454
616516
757338
702327
651983
786241
618434
717623
740257
773715
609532
618514
515779
956534
781975
570677
503481
702325
903215
603233
610457
580760
682583
631948
616990
440506
708973
586229
915740
787923
740407
843230
267934
815814
423292
667216
678599
832620
732604
801635
785969
858205
808384
551221
805302
832561
704236
859539
720427
605585
785317
602326
872238
732642
910978
708307
540467
937626
973641
760912
612702
724713
708904
435224
773936
928514
571276
562841
832766
609540
516263
973979
516859
805215
816882
918851
828582
602703
708663
910536
425772
971570
708506
571201
773744
956220
813966
563579
910538
517505
832646
816529
918852
864205
801897
513237
786200
941284
646206
817793
843343
832964
956739
602373
832420
859913
614589
773954
786271
631877
978996
913406
563570
512665
787673
443858
914484
908405
732895
574329
443985
646247
614804
646301
956867
940337
843330
571331
708415
917293
901337
904887
619274
908720
512785
540627
714757
956266
931547
615955
803979
727504
919345
678650
512293
786537
646641
602628
773886
614815
520331
443839
858231
956536
706267
518364
901428
973652
773983
872236
708262
573529
940595
720939
215715
585309
939366
917346
954608
917660
615839
512736
706306
857294
615668
872251
917392
786603
980319
816405
763439
631943
803215
832277
773387
801645
818633
513291
580484
719360
848448
973444
903744
939219
704231
541350
602561
602451
832970
808276
816217
901550
978235
832614
773818
615968
787619
763227
509768
720220
706315
914309
913980
847414
765407
714724
801792
646479
970690
808392
617669
512825
859803
816419
443739
786395
708527
541788
563518
763670
704232
516395
954478
773996
804245
515771
443854
914320
702601
559300
443850
708543
646575
510759
520891
646945
808277
808386
631568
787949
425268
973704
660238
425443
616635
434604
512947
832744
720299
727459
661317
803261
516343
917609
803238
954993
620757
585503
863409
562644
954643
904377
714588
856278
646552
510415
843455
915422
832860
786942
939429
939240
678908
787904
713480
956437
609334
787568
832512
941447
630854
954673
856524
626905
630290
661220
636219
516603
810814
720937
773817
678468
732277
917669
253222
678549
865283
914316
516476
423676
516643
619549
440454
908392
940594
570328
757753
801888
602330
787597
908494
929240
832908
678900
484542
580890
702354
609933
516851
787299
480570
917292
910229
614446
561809
724467
727656
832878
425345
630863
786556
510375
803370
563517
832790
513807
727251
862452
727505
631839
989493
614806
712904
813453
626922
804300
708351
571275
443857
646255
561542
863399
425435
786247
845536
917216
815603
832455
787466
425737
713240
801755
804243
913963
757281
516884
832641
678467
813841
651428
631805
917215
801836
646894
805300
517914
480628
973489
832812
727458
563516
832853
813420
580402
512905
720401
651235
727967
859420
651354
773934
513510
717203
515525
561460
773807
832692
612227
860869
773592
919949
856313
803221
561452
651206
631889
787210
787601
860518
575571
914439
843345
614218
864325
208371
845321
956789
612483
951454
939732
832818
954326
714553
813842
706284
612532
708916
732766
913306
901246
708737
843568
787546
727331
857928
913709
830968
425344
860849
713269
727455
732762
952994
917518
931449
615892
240505
917353
580715
561543
706289
937554
720935
626354
929253
623570
646379
773968
646207
682241
972693
917213
917443
914310
832661
580917
781308
646431
646726
678862
919349
786612
917250
802829
813507
832382
901857
717615
617331
917607
832275
734272
423384
630440
803269
786448
614805
917667
646339
512577
612636
518961
801979
937829
609635
626586
646897
601291
872301
801860
901283
862215
517402
843530
787341
970234
740408
740409
706333
786853
651417
914426
682240
917349
979997
765398
623326
785383
646644
650283
443554
787225
619519
720341
708289
484620
641504
715914
651210
801859
954701
786328
786210
787454
857452
702426
781588
757515
603275
801644
612232
651703
781526
832876
513884
913206
734383
781985
913710
803665
706409
917325
516906
646262
765409
858717
787478
216632
914498
704756
603858
615609
520270
908456
561306
915346
909910
678860
773517
702945
425319
787901
678907
914473
917415
973626
816745
717424
336456
682558
641781
918850
813389
843301
760580
740803
832704
919522
832475
626780
732763
843270
773226
678687
917957
617642
817896
786246
516849
956360
517944
520245
484358
757706
717379
646525
980318
614598
918908
763221
646229
717333
787932
732500
515372
562556
937831
717318
614377
832997
904343
808391
858405
872707
801916
484347
740405
717813
972900
646270
704957
321948
816838
516710
916743
813368
678557
917498
708439
832951
763300
646409
706294
801867
612735
646243
715529
616334
908265
956780
917362
917442
859907
808308
786301
808398
615938
786925
916230
518253
512775
832670
336615
936718
931395
717341
513885
787922
786630
817715
732822
857919
919641
610202
973981
760917
702353
720499
786546
646549
805304
904962
786461
602802
904514
910977
818915
513652
939223
706394
510396
614772
817703
909319
919638
614596
631816
571332
224392
706332
865287
815505
646238
713498
703944
830822
847668
805637
985710
904982
440212
860995
785226
480329
816616
929231
904994
651399
973978
856534
484597
520248
917605
787909
862262
602570
607232
513602
732910
540415
901335
717332
760672
646645
816517
781363
702424
660221
443600
925639
724931
480330
916412
843602
803463
631949
908656
786223
720771
970412
630935
917702
832419
915820
770310
949350
718496
786838
816716
832858
786608
602545
808387
814232
857334
719231
787595
872214
610507
757915
541513
646244
718844
949295
954600
787639
786303
775338
512999
646541
727687
612598
317603
720933
423677
432599
646886
617959
801600
817966
917361
915355
423227
425445
561317
848466
816682
719354
918841
551998
425444
787410
609510
708369
631552
614260
650430
443527
513238
915256
646691
718219
661472
978930
720243
813598
979739
571315
702927
626215
787628
614432
917815
973914
313231
864202
646932
857234
847219
646750
904993
847877
910264
808358
901340
816785
516439
910315
214718
646327
859489
734846
682551
617230
612701
646236
843298
614599
917402
423316
712797
570540
313358
763639
939349
970310
832788
915383
618698
813817
