902209
647765
705559
778984
438930
905246
778679
905550
581991
709771
587982
705622
780859
780881
819690
438937
438580
587785
647580
438939
587580
819209
647657
647458
647463
438877
819592
450365
587644
438828
705780
587280
438345
905805
647856
647999
438765
587255
778871
438938
587297
778875
905961
902803
587679
778581
647655
778553
438936
587998
647457
438935
778874
438931
780916
613807
902307
778580
581235
780202
819995
639998
902320
587584
613581
647852
587588
438888
647471
647269
902955
438763
438875
647678
647215
587216
647208
587589
581998
438933
778872
902580
438876
438932
705957
647859
778888
647466
249877
778980
819588
647853
780217
289880
438764
819593
778220
437580
438885
604999
587257
