815543
920538
815299
563349
910340
573819
608574
918693
865660
910934
815757
603398
618535
920207
920210
603562
920728
580775
541892
580755
608963
828777
509830
217740
509945
608212
712830
918214
434609
707954
865640
541430
580567
608843
918798
541951
641485
918694
715213
940636
603454
541643
828925
918244
515689
541377
920420
563590
910271
920366
563210
828776
515249
541815
603620
541771
608545
707349
603252
540616
910385
603304
920820
918277
815291
715299
920980
910471
815243
608548
608434
641330
660341
276340
828768
608290
865363
920382
802579
608235
608577
509929
515205
540320
608513
828223
563370
580471
815494
608697
603455
540580
920559
620550
815590
434960
715305
707272
785313
641891
573470
541977
580212
608444
608485
603209
641751
641203
603533
608732
865679
434665
563599
515291
608575
541890
563920
580465
563379
865705
707489
920723
608558
541621
276620
541660
715340
515408
707223
814585
920948
918440
509948
918724
608751
608225
660346
608604
509947
865256
919222
603208
608219
540312
641414
910470
541379
802738
608778
918636
620515
608220
580320
815988
608317
865257
707496
828206
608547
920630
515210
603344
434660
580513
608516
608576
918698
931335
434547
540330
515571
920470
641521
540570
434953
620249
515238
563542
641430
919915
434470
580842
608712
920904
815742
641512
603723
802384
608482
541290
920360
580843
580704
608445
815541
515669
660342
515975
815871
608206
660216
541659
603486
541910
660651
918639
608343
319325
815499
580841
918697
540691
580656
920229
641990
918695
620762
509831
707350
608792
707357
707498
712210
920946
920979
918637
715498
563357
573881
920362
580512
918441
563880
828778
580451
540309
920428
920427
603345
620284
509985
940631
515460
641919
580236
608790
641425
515979
563380
603254
540599
910740
920901
865661
815973
608617
608247
608228
707834
715281
712320
919252
603313
608393
608921
828208
608289
865654
918857
563260
918855
828691
515250
910231
712621
540493
919738
541260
920410
920209
715347
641344
641660
540392
918381
608214
910783
515729
920627
608438
563320
563608
802376
865643
515681
641777
509930
865216
608386
509366
920302
608295
918533
509949
940733
603848
920858
608279
541973
563543
608412
423701
920988
603381
865680
515971
815289
918470
641895
828775
918448
608487
865556
910935
918617
865254
603582
660676
608606
828779
423519
515341
641799
515290
865659
573822
910540
541761
920253
920960
608341
931979
603616
608931
541821
910770
603477
541281
580467
434610
515577
920450
918638
641780
608521
541571
541420
573338
920296
563212
540871
