703514
917625
864460
630255
816202
979226
619998
571219
917788
510801
425631
614399
713288
714806
917752
516389
808362
760226
570997
561551
937628
614616
917461
562227
702264
630356
904283
708881
562214
630763
773393
817414
716522
954810
610920
631426
281629
713404
602450
704613
704356
512274
917241
941506
917759
917845
863568
713318
817351
972622
808273
773448
919507
916401
917429
808858
512307
940722
614780
817828
703616
513650
917333
541309
510310
859352
815532
864996
708412
330902
914284
917255
215506
917458
972568
917813
856277
843728
917989
716653
808290
937491
773461
972327
770201
518865
561937
602746
816821
732265
713506
937334
702230
937635
714291
954508
630498
714212
714216
917840
252498
610318
845438
917556
631442
917761
512622
516372
817331
516925
714218
847335
860330
516335
917883
770699
757584
919310
917665
760714
317303
216705
772377
914973
714652
917422
586409
434940
713642
917739
956768
765218
708750
405980
713601
765257
801276
818258
714346
210553
586807
520446
713617
561224
972321
716556
914553
510810
708944
615978
917430
608307
512613
717499
917897
904817
713608
626651
708241
916814
561773
708592
914952
602658
972565
828402
917245
703612
917276
513408
916522
608603
917918
614630
863217
917598
630266
904815
813913
516657
614637
616297
740553
847684
724829
801283
918763
516975
440677
863501
510218
702661
903943
707325
516397
440507
952235
830787
917850
716443
972356
512625
972326
518343
913639
586763
843512
704580
713916
904433
708281
610305
713813
516648
760816
817660
917949
801202
856901
919503
914264
215691
734360
630367
904617
510702
713765
561885
713736
808288
917632
817651
512875
713415
952394
817327
717280
813332
830207
708999
917490
916951
952907
610319
850887
801249
856738
619526
770697
440301
630838
706241
661329
513359
818816
520930
713810
516948
860743
510716
651847
541718
864521
562678
704515
954230
704217
828473
512935
626245
972593
847339
513920
815203
719261
817450
917772
619982
917798
601459
917824
773201
917389
732808
602356
516553
724233
561608
917869
979424
917413
704725
602868
817942
516332
630867
818410
803303
520932
562238
765255
830337
803355
916948
917329
708994
917874
513343
630583
602656
773214
704265
972592
541814
917486
510321
765707
248401
917360
707821
864524
817364
713603
732989
954307
516954
901391
614673
570598
713327
716360
954855
770269
903888
956268
909828
979223
856564
732304
714691
916819
609329
828472
856715
920909
864217
856253
850802
601471
864471
704354
773222
917851
904459
610307
614691
716448
717907
513971
609725
828207
859330
847614
914321
773460
714359
562460
713905
716497
213961
614646
860473
772235
808297
713616
704623
941333
708242
913610
818604
818872
917820
909309
920665
713801
917871
713310
847820
773670
336507
773212
714355
803277
917381
818490
917277
818608
214913
864493
214588
904816
440784
954244
440980
512612
608578
985786
917296
909819
904787
773223
954528
917812
770553
619970
713716
614720
765261
908261
614590
808363
864290
954413
808279
732880
919509
917218
510805
954679
334761
917823
650217
602204
336556
818948
985743
602202
919540
919826
817943
704518
919347
732488
703422
917990
440303
817218
586403
714802
818417
973269
856613
215759
973308
916499
917878
601328
610907
917904
303760
972902
801241
803301
909617
919318
773566
917401
847449
979753
914324
956288
708413
516276
732478
847218
828224
919506
817604
703702
909523
561604
954879
909432
586860
440758
917323
908825
561607
808899
856328
972319
952909
512235
440203
972397
801275
704520
541710
719279
601478
914442
479415
610501
708324
908631
708463
713901
708276
812439
817216
610218
602259
952809
917785
626266
770327
516891
856855
713707
816870
708313
714217
609229
440270
704767
631280
562918
972585
909250
614605
941372
919983
917433
949602
818327
925509
708376
818828
903828
610221
714219
863570
562226
845349
952365
917857
516245
917487
973613
704368
619217
917467
925213
917926
513610
803362
713719
917483
856623
860587
917644
609687
610752
818328
816798
713717
917713
973205
808644
937978
803690
703513
860369
850395
708266
917738
610817
440380
773335
919393
917988
516529
937480
708454
630419
817957
713326
914551
813718
732883
513249
832635
985744
914537
817621
650205
586345
828444
918643
847225
580398
818499
954877
917844
708693
913613
713708
909249
917248
818315
631554
610414
917641
561326
808251
610339
713508
917419
213717
845387
917973
917944
713279
616339
609679
518342
818801
425325
513350
818218
917867
619406
732315
954286
619893
936732
708760
440393
973719
916592
757661
440612
917489
941569
956344
516251
920736
510721
561230
925340
979228
954898
917249
917233
917784
920275
713618
917802
313210
917764
773352
619973
708461
803654
314999
860708
816497
828249
917735
602591
636403
317949
917298
619242
512624
214439
619896
516257
814291
818603
619960
562300
765272
740210
610815
708962
972609
704229
917729
801219
847210
937330
631340
713915
561947
516839
941319
864215
917758
602871
954808
917469
818680
917537
954506
856752
860332
801929
818803
724460
917901
813339
772917
713519
973806
704505
330914
917314
619968
915287
614640
917427
917954
847479
856331
513944
916816
847365
832697
914392
713606
713200
586361
818229
808252
714570
713619
817824
917906
650317
516230
773560
708626
716459
765260
513890
917712
520931
602360
708348
909535
312901
856674
917252
937370
614608
917205
919982
917899
516649
917404
610315
513660
216850
510720
719236
904286
608303
813292
714314
631279
808569
713604
972328
818829
917356
773228
914445
919487
919312
917852
732891
860366
708812
815536
916981
215818
510515
917610
954875
704581
917372
845556
563280
610460
917760
561754
561606
815294
863502
915663
740556
845487
808571
917782
602645
817998
973561
602660
847369
916828
337733
937201
518259
610475
972545
703701
480871
956767
937636
614651
919712
716619
919565
858728
561554
323288
830622
602673
864390
773204
845449
917424
914379
708379
917762
773258
954403
843961
724380
808570
561652
510212
803954
765262
626220
863819
954878
972500
512603
925312
562877
610303
815480
423399
619978
954207
917649
630895
513710
256920
714214
615508
917866
610830
607897
917925
813201
423412
717518
714320
815851
843220
760293
423409
917491
602215
808231
817979
954387
913978
917321
336319
917481
910414
843219
714405
440562
818868
516275
703515
713593
510802
917898
630996
518228
917787
917927
917247
513210
440369
732633
773652
917707
979723
708706
614690
909410
917462
435206
937940
909290
512896
972451
916815
808582
713764
708561
630342
914842
917240
630223
920258
714286
562744
716642
423469
631441
713762
864410
717410
757860
949227
435204
602289
914585
863609
972909
518341
808287
917264
847333
817620
818819
631373
312851
708861
913644
706732
917380
972944
602201
847974
714810
614617
619899
773215
973880
303821
516278
619969
917948
626690
952901
917978
518422
614661
702681
602779
917457
570315
714354
708440
904876
973231
817499
856289
510308
713761
864470
713990
707233
440304
856274
937973
440302
920616
561605
917358
615531
847216
917964
917672
561387
702282
636320
713605
512604
714201
740735
973730
909416
614631
972297
561552
828425
830269
708230
917506
808584
570480
425323
704514
615923
303686
703512
610472
626212
713786
630249
615402
516947
973654
847203
845488
954896
615960
909299
512631
917875
917799
708619
917879
916466
856531
917425
843660
708823
917290
608657
609615
925920
803352
914544
956623
713712
513209
619620
713846
917390
713709
609295
631322
732327
704415
918880
704346
708984
909216
713282
917706
570978
858347
917884
817827
917872
631497
435235
917786
317990
512205
716470
708936
608682
619529
908515
702662
818329
713698
601458
713912
860504
818202
813457
513691
610309
516793
917614
828314
913656
917377
716643
586617
850506
732916
815204
916506
716441
813271
614647
972320
516258
808583
813214
937517
909722
917616
619989
716369
914951
803503
920440
805502
805442
918220
716618
518230
770501
803241
952608
818215
704673
619979
918761
516638
513670
713763
847355
707288
815870
918646
801271
860825
952601
512606
801279
815775
860363
513590
904812
724341
312891
540201
801986
972667
908471
917313
952203
847694
561936
973899
561874
631695
917646
425568
847314
626729
714419
808898
614320
917253
713509
516645
516392
312941
516552
909207
918672
631558
847633
843807
917395
917219
952980
610963
856445
561854
954521
818467
602646
708604
917919
917223
561553
816757
708621
713809
937282
516339
713406
954408
818204
516525
954402
704513
619256
757669
707323
817340
512849
818607
864212
808361
615951
713710
516291
650371
805359
985699
773464
814567
973469
808267
813338
516290
813208
716460
610418
704407
714358
845685
708644
561751
917552
972710
254808
909405
843570
917766
714407
860360
917384
847237
619999
808580
864218
719443
910412
561610
913641
773438
570670
602205
630374
619898
732498
937359
917448
917876
914492
803304
708886
803890
713648
801242
954814
816440
856622
513269
985890
864620
909412
719450
614672
610912
562878
850507
703353
616280
910413
570804
954992
917317
630683
909814
801248
979925
937391
860820
704653
516386
843434
803698
440680
512802
713760
954897
843600
714413
904558
972760
812440
