575937
702277
586817
562743
602499
610220
586332
910374
559967
651724
513477
919810
812907
614998
618554
808896
740312
724880
434713
612590
850445
937545
814460
931312
619742
513256
937474
614570
713805
714318
626862
724255
330472
757713
586291
814282
229942
707815
828458
717289
947740
609923
480435
707321
801718
727809
612618
480826
931993
602619
620255
765914
480433
615580
804720
574527
843422
951212
630650
951233
704718
440554
903263
614393
480273
910990
435300
757939
813404
734536
850819
804920
603494
513490
734646
817909
818317
520240
616540
787313
620214
612616
530902
989289
914844
802345
443465
601381
609457
559381
714402
970580
913302
925785
717575
631834
951751
609605
646581
701832
713299
626824
715933
479883
320522
803410
605630
731445
480540
609226
732713
480267
731336
706618
440351
432556
843877
925628
817528
912409
603714
970217
904510
850326
787941
773502
704651
732887
908565
980214
978758
989329
787390
939268
914393
908801
774254
650465
717449
520444
908433
619871
602762
617797
540471
908442
843599
910308
808291
704472
432664
804310
708606
937515
843907
804705
704280
910580
612704
715492
859512
917710
910876
908208
816509
516382
478960
701531
724875
808348
701861
734209
231250
706840
603387
706575
610207
541419
727744
479280
765541
603496
760822
856816
812595
510910
573241
941374
919698
712260
615653
608479
717418
816820
479263
727742
678977
916956
947309
813833
661478
516509
812569
559707
970250
480244
954270
845216
318664
864612
760310
630712
928210
805390
434906
843906
803646
803394
479653
484553
989590
808286
714287
804517
850766
719221
985228
925783
704813
615318
586348
814592
727434
973865
440384
423618
616560
727992
630606
801891
864380
760920
785406
605207
941716
703510
229507
843506
701855
954551
801599
850830
814330
435299
772349
787615
858472
810305
704517
518390
618335
832547
919922
870278
434941
802272
804432
612360
803374
586256
917278
903801
617703
939243
570490
757805
520343
916539
714319
865599
818314
217474
612518
662681
815275
702373
949275
615289
660384
813892
618444
912661
815954
703405
425218
812786
806678
787392
440651
828578
512809
914715
440213
810429
920737
972626
419961
951897
701471
541921
718986
585857
914980
607382
562706
815641
812584
707292
903647
732267
708921
939246
605515
704608
903748
513505
989430
701388
716260
602616
616204
860803
509954
937272
708305
517388
561398
601580
937620
602463
915472
786390
805746
847650
520268
804761
919750
209480
616498
480695
702249
757434
757503
939286
727543
518416
716345
901355
970380
859250
513630
947313
716949
617823
715530
614708
609828
734474
516313
208420
706833
765748
818621
760985
843430
513324
989326
646784
864483
939287
904451
423457
828244
919691
614400
954290
781771
757719
915588
608469
570592
626222
908489
615878
956551
423470
614361
515443
513213
978852
757879
609947
559246
731697
480349
814360
720202
541530
626221
541231
731514
757709
815218
973714
605461
615428
757845
843858
586212
850420
757715
712304
575740
816351
786510
848240
513460
806662
716255
561512
775560
432209
910712
773682
978618
516318
812631
910619
708404
916508
615854
585698
734303
971219
314303
989577
850661
724762
787381
570881
717476
912271
939283
914260
615504
540336
570772
773558
970571
908601
815222
858245
612750
828400
847921
575644
714403
605212
530913
702540
985312
757880
937726
716801
641750
704989
630643
559970
561302
618322
914924
916838
574780
619876
601433
978621
423637
978205
954579
909519
216469
859801
515314
707888
571328
608633
928459
973479
716289
605310
805279
513364
908285
440429
570899
602689
702378
917685
865850
513706
559731
918314
917589
585455
586419
610420
864230
443614
864979
810922
614325
928750
941626
434390
715563
920851
947757
731377
770490
787384
919909
731414
770328
608769
719650
720557
941661
724996
609413
718541
937903
702600
614940
610334
908510
912657
479353
605831
781710
440476
317617
440407
937564
757635
612270
814221
585313
713252
517898
813731
917843
804305
818515
787314
440812
727439
608449
540285
706817
973919
646599
626485
631335
570898
860716
701866
480815
619889
518332
562754
720415
870557
586907
765744
781892
947750
703919
803288
517896
859640
980241
919302
616970
626419
908675
949648
816518
479287
903285
757894
864616
847712
606331
619507
630988
860334
602686
617285
978660
513382
573465
732239
813245
440615
585314
423416
573620
517281
757620
614315
479644
947213
573820
757298
845551
858735
601297
808341
956342
479225
520975
980406
903714
802558
480688
985852
619851
803206
806292
740262
479957
602525
815441
434981
931434
787317
423956
605682
713206
609501
910524
904874
773520
847975
708846
947755
616502
605670
814591
856912
603498
801641
936222
443904
423361
703727
939273
719688
562505
513675
423667
803427
941769
215370
516578
614903
770324
954540
623640
912547
614200
850333
919819
734255
917620
937609
714713
910734
863532
740497
843307
954218
865310
903573
619405
605261
641220
575779
774644
947853
814573
702278
740935
770519
931309
918575
816500
229315
818421
918264
815762
616481
843632
815751
914456
585737
602316
989619
814404
940200
765427
865207
617705
423290
760533
863224
918240
787485
479355
480298
617877
913558
440396
951663
440221
947829
845304
814594
909973
810751
860508
803331
734381
313319
614512
973202
570905
908246
760567
703233
540525
734478
540903
904466
609204
716913
928727
313268
559909
703407
847567
678416
947939
334412
712209
423599
785451
978877
707889
864710
559331
989860
803842
605929
516361
813767
513508
719250
562480
817948
808285
440405
619772
713828
425890
570259
845642
530701
770856
727269
919609
662613
530632
706834
941468
443900
610417
920740
570449
517740
870549
619318
513222
757924
804363
850712
803230
703403
765465
920539
518791
614935
509939
947433
805714
615946
646872
510919
785410
859404
908907
513604
734718
901482
541969
714393
757407
856287
978789
757651
864378
870317
916216
908303
859954
732261
701705
774392
973464
910638
520400
804337
612965
908797
917817
845702
919548
586747
774454
864417
314580
616914
551265
208358
516492
817320
804356
860460
708712
805748
951285
620960
602540
623693
708522
513582
509540
707483
781567
480369
941302
847269
706244
908202
704249
513581
773882
805451
919618
937935
757236
919495
940475
631786
559903
714296
989598
812620
509953
608863
612716
828228
714328
917596
951505
208539
774405
812454
713816
850628
845745
601470
858395
951805
801440
313348
210314
530520
863370
847404
818307
941920
940867
925872
785764
616460
947344
917887
707372
662242
616610
928919
541619
916591
740827
510421
917656
989763
806202
610349
510685
828550
856430
732740
512626
801518
518461
479629
805368
480204
903286
828467
828508
570205
513518
910624
973650
570575
740438
910703
520429
917575
734417
660619
773318
910214
719510
920585
443480
516732
916899
440727
614800
757374
865805
530990
803603
947938
734634
815354
806930
906282
610223
812653
570419
440908
724331
916205
714329
816506
817876
970596
440371
602677
509496
913530
804514
805794
939418
650773
859361
803944
702622
703615
781387
609805
703529
931310
941705
832470
614519
516458
701609
941400
914523
703489
620518
607591
816591
575749
773350
440719
808271
513532
708772
605430
863255
917716
432631
513218
931314
440821
612910
919815
858248
602320
706977
443934
850491
630740
616826
440404
787387
712541
615308
513292
843670
850557
843991
513479
580579
443359
947485
917846
989944
970819
918370
831588
619346
813294
937974
479214
989385
513502
770855
702271
586921
702468
440619
805750
724944
832544
812592
787320
610483
734312
479518
760505
480299
478832
731695
661433
928243
801520
760285
863712
612799
870703
614425
814241
919906
787517
609515
609579
804691
585689
720498
724787
559356
919817
850728
843226
818426
563271
847772
770316
440515
813727
779861
619987
812344
947255
617413
818321
513801
574238
939414
760218
843368
618304
845274
910916
612597
765546
806891
704437
813523
615417
918703
815202
440469
609617
803413
859221
256630
917816
773919
870675
551795
865279
315323
706594
760987
724440
920850
760382
585749
813629
516729
831601
480532
419236
858775
910633
337936
757567
970302
785413
520850
530925
607423
667209
919805
517477
757642
252908
585746
812249
817602
740285
806781
312898
559706
541517
917658
440537
812583
541786
757570
917848
615767
574229
910622
812698
910987
678544
443890
419980
828817
770713
973214
847951
908770
619993
402669
919971
757869
562519
541519
787214
805729
928308
732841
802598
860919
973600
843598
719429
612790
727410
917991
586515
740361
551655
619818
276639
559920
734395
757406
941376
702370
484269
570204
510852
919619
863221
617339
917648
979906
951206
860670
510552
757647
609304
423502
803260
435640
949697
919632
917576
860918
808345
908310
843274
714308
903738
805550
947630
615906
732221
864590
517449
804759
817470
513614
518339
513646
989254
804347
775315
615879
716870
906250
440631
515230
440813
970319
937902
843540
973715
620868
910617
787213
660973
814470
910625
937207
828320
850797
618201
770630
631258
513498
847508
607857
810599
631804
706988
832317
831247
513267
661619
443571
620253
518796
516993
808284
575781
903941
775224
716628
512470
724456
919830
720626
608387
724664
910305
919215
850486
512745
715415
518410
614506
939417
530598
703315
918805
586292
440552
717968
718938
803924
910650
434942
606594
575640
909730
864940
229425
715307
917881
440803
916698
949244
618599
706975
715651
954789
615804
253208
814203
626622
801372
440759
917693
843517
847927
530524
713702
917282
706831
520730
440609
703216
813610
808652
765891
707326
440770
803640
914263
814553
864398
435671
850768
912286
939244
701849
617683
818326
915478
440402
434944
947202
708421
615418
805217
314913
706339
760574
704796
518859
602448
517231
714469
850982
814688
734465
719469
619743
804385
931214
614301
716955
814490
641420
612655
787373
614949
541480
607765
701339
912425
616307
947381
843412
919218
870904
440601
906235
931315
423534
609618
440225
510673
541294
603828
480622
803627
787394
570885
760668
440773
706755
804543
864923
616644
947444
785927
602663
928899
586940
641740
615979
586914
701928
806315
939261
828557
608346
602999
931307
804238
510917
951675
731225
585953
256656
850340
919417
727420
770862
903539
601397
724699
602571
443243
715562
618363
857636
312909
812890
817455
660631
951204
757308
740491
920342
978270
570441
631487
586242
707494
870321
717377
478733
518491
562335
734787
620660
423608
787451
707951
513516
617894
716225
859314
602647
814233
434579
727542
631807
616566
828551
947420
423736
520603
803587
646942
512202
516659
978609
614894
425327
518578
626533
605351
808754
727743
774424
518424
850499
559908
618571
620747
724674
843845
330885
917750
708603
602885
602620
540520
615351
818903
602799
801360
937901
928551
810569
602531
423802
818825
615630
562355
910723
602908
812343
805206
901483
606359
917880
520419
908930
585233
740412
617549
646629
704773
805801
787207
520255
903440
570956
931205
662829
513473
917763
870944
903808
516497
910309
574596
912424
443721
901233
520349
513504
908217
720470
816206
703328
603991
914815
928300
937308
704560
912402
512639
423506
708446
708308
830832
714357
732609
707330
947722
787453
787217
919482
440504
618889
714335
620794
615519
915539
919608
939290
928607
513404
843340
910366
614357
916532
701690
540230
912346
858692
570220
562533
618792
928215
716912
703819
865585
440818
760791
814931
443604
870344
702274
423494
715896
813309
860235
715781
785307
571289
423440
562900
513814
718757
440420
516242
480201
803687
540521
917734
586942
847989
480392
603568
931691
609221
609472
850461
910787
732859
727385
706936
757323
908447
617721
609820
706825
850447
713899
813486
513236
708476
947550
520609
716998
208360
828231
939248
919920
563581
704999
757373
787325
949246
724840
732754
425765
615483
443695
812483
732674
806670
917597
765499
908399
810701
914552
601966
903767
939247
931743
803608
908461
785324
734735
757408
970901
917453
720556
517242
901581
803847
850545
818298
425359
563299
770846
610585
614709
714222
864909
510882
939272
509671
903563
540621
832392
678787
713819
517230
218232
602695
909732
480489
480229
440408
786417
509378
973477
939269
973229
618534
619733
732425
248953
740310
860576
719433
270832
530908
704572
712790
603851
661305
760522
970219
510913
518925
757403
843696
573979
703298
773571
970381
732241
712253
630294
724882
419461
714440
559417
828421
585794
517581
937478
814657
701520
707373
843359
720237
612419
765623
810287
530249
774279
720951
856889
518593
978501
541510
620687
850826
702672
805276
863640
772579
706934
914475
615388
870654
843287
701381
516524
810923
605968
928920
914443
706566
813480
757784
765412
860428
864245
804971
620409
520840
435230
947509
609941
432894
707718
818438
440806
423280
712898
843992
707239
630291
760803
636485
804229
914489
516672
480364
732687
785221
605660
970595
904673
716560
859533
731358
765576
516375
612849
615347
812607
917922
947996
815922
276245
917670
713703
608780
727433
614562
847710
615202
949633
727741
612791
714742
814450
512516
803609
570466
609364
917842
562708
970379
313316
954654
480216
770712
818497
575703
843826
727207
939245
765860
606225
440706
618559
808347
832374
787208
612280
480254
513325
701789
559999
603630
806632
714401
570404
586899
937475
434987
740336
901569
513708
920344
610639
989225
661809
816266
810347
951203
609513
630269
510912
850380
727580
570337
763242
920572
925787
561252
860377
865466
586787
425760
715209
703785
940255
939262
917757
650207
740502
704477
706318
586839
605516
717572
651402
914419
703402
706326
609774
612581
562305
805795
620282
520235
605237
814380
732690
513300
785213
908256
520405
602339
614550
787383
843601
602980
607426
606471
860798
432557
620640
706319
703963
847476
860729
562522
440608
712249
719651
704420
610715
518498
727409
443386
440763
843209
757615
803605
614941
603833
585703
701426
714337
423620
516241
626590
570479
941228
617312
606369
908616
904524
804240
765620
217663
785303
808292
916704
724322
937271
479699
828736
712571
703795
617680
787445
516639
812571
805551
864978
440952
618308
559978
704575
917837
617408
631235
845527
847308
724454
510414
605484
810247
610724
618967
480261
620451
617851
850418
702305
606875
717991
570529
702343
734431
978857
804814
787612
480510
928245
614753
910234
714309
951741
312914
484574
716983
615339
712330
513390
910840
432290
714944
781254
708989
773415
585474
940203
843250
602818
814937
859630
843693
912282
864993
817771
423300
843957
870643
701570
774487
704692
617215
586206
724992
908319
717514
716359
609203
732233
732742
812830
939416
910358
947744
813416
816853
910489
440487
847651
909238
781264
818400
818517
908380
947913
678378
708341
513969
917697
706264
563321
818632
561632
540226
832808
908403
713249
513260
828606
602739
803351
516772
605695
703283
702281
909855
612834
312882
615561
631624
740260
917751
623680
813493
850619
513526
925324
515720
515240
540487
615626
843830
832977
513476
317605
510847
770715
805459
864723
989313
443915
602859
540798
818425
760445
917903
585880
631379
617529
903826
952240
770823
925708
812230
480338
918315
678858
703851
701261
785614
847421
805231
607742
619997
979248
714345
440862
671888
336529
757297
612437
904349
989751
708707
512987
706570
616443
612210
586854
903559
713817
806241
919280
813625
715797
787391
781495
814449
939777
609313
440823
910520
978337
843360
787328
603520
701440
814571
787216
615476
908309
785512
620360
586494
509679
802989
787326
931644
702755
978604
618975
440400
718490
803240
602568
787319
815990
586917
939258
939270
512734
620899
443826
828337
573513
806685
785821
803942
716307
803378
970560
939267
828734
586424
630200
602694
804389
810218
978214
813352
586929
518448
910824
573270
864361
708710
661714
843441
630777
646831
860916
734435
706415
423612
619838
715210
620370
785443
423335
786385
585330
607222
630707
757633
724833
607743
978979
586719
701836
716364
631617
828447
903987
612214
607329
515321
916202
818439
440704
443235
541408
908229
562833
540383
626483
706829
857208
631560
925337
609462
917921
517526
732673
843709
478954
612741
936581
520345
704591
860836
910515
715490
650722
810618
914420
610247
770843
606309
954299
857303
609314
614582
903574
951533
802249
815529
715908
805458
530513
585690
847738
989996
719251
480340
662849
843855
480980
518222
650269
704618
513379
740485
816341
917692
919602
480861
847721
908239
858945
904568
602803
440935
662998
541670
802578
713906
912599
704579
614391
607351
701230
479216
910639
704677
517243
513703
787614
517881
812593
614203
585683
850693
515344
787388
715554
804572
775741
818624
570396
443401
832405
850490
715225
908295
917841
773720
858354
909838
716698
614306
941504
843214
707495
810417
949322
708204
810434
870260
724344
937638
714293
517745
423480
423715
806893
608381
802309
949922
773771
937206
757439
713254
440223
845797
947505
702371
620200
425231
575361
914261
954405
614314
517288
701226
757883
667210
530906
787201
870331
678725
724433
804815
817915
440547
765346
704574
617919
610217
937509
513335
870450
732266
443286
480271
586651
773909
801699
478957
937416
610613
908337
973768
702286
518441
630710
828273
914772
719252
540718
912318
720810
828808
760885
612710
520490
563940
516695
561676
571926
734664
970846
510846
619972
724244
850408
661713
432813
949422
940219
775340
863604
515231
910918
860559
618791
716946
913961
947566
947419
518774
937602
715558
513919
570439
681209
734204
540272
509423
805630
859321
908839
862266
512755
717580
661203
801380
908625
603759
518728
270784
516314
787484
786566
612968
614579
605282
704223
706871
903571
860539
731431
440781
585362
701318
762822
575654
972922
513497
520279
617473
660953
703431
757475
551427
865399
914850
901356
978316
727514
618977
571329
612875
559907
708990
618240
812345
918316
605290
713542
616250
513635
714504
704351
812243
713205
706968
662458
614623
785844
757377
517825
931704
701371
734812
757521
978807
513315
814577
860384
603312
919368
803596
856371
614952
757813
435813
513687
662699
570452
575649
903436
701399
785259
207227
660654
808346
479841
440479
440667
740504
609315
813777
702308
832523
989600
509630
580761
734626
440470
727709
951255
774407
808753
617947
848210
714501
951529
617872
615636
516457
903733
845709
775530
978844
920284
641757
850814
619840
585353
832683
440241
972800
860573
956357
703966
939260
423413
575626
734625
908415
518852
947387
716678
423718
731415
520508
864419
912312
712592
970309
706816
615517
541556
702250
512230
919414
787617
612599
513310
586388
908763
541520
917584
731693
682351
715579
845661
828455
651303
917617
947428
605926
586689
760420
860614
812549
920579
706580
740512
864313
916203
740978
614307
610256
702375
865696
940453
939259
732245
787375
770314
516551
973699
951966
312848
828234
914805
937725
770317
770262
432448
602550
910690
423215
712789
616403
724683
828399
806654
513907
609915
785766
865617
701640
714614
939276
586703
517320
610608
947749
715966
775842
585208
857260
864706
812525
515229
704641
334791
909938
850509
843901
914806
785299
808295
513314
513910
602501
612202
908377
530356
806549
559960
719680
920213
510821
616550
517899
817905
803730
915490
440208
574361
712299
601331
812881
724316
704840
712579
515450
602206
618973
561504
713882
716620
865776
443624
810516
850832
678492
707972
903754
610442
832840
947768
574360
863899
229421
575909
660375
989506
816507
517262
706392
513673
939271
724462
765729
605214
949526
609351
513255
832459
631275
601723
765437
574849
706455
804316
813763
903556
912658
919612
760473
787215
856981
954295
859537
443618
703915
917796
979253
757817
603831
620517
602615
636295
419307
704578
701269
757618
919418
715493
910612
757375
860917
757710
757334
770530
731694
619985
704617
678591
732232
973476
774410
517331
915491
706513
620617
972768
650339
917566
732995
757871
760219
939282
917699
513484
812699
425330
865202
419957
832492
812746
432213
512627
443202
787380
517416
425941
480721
571334
631848
906458
906202
847204
818269
858922
740656
650793
989640
562822
440802
757370
270853
917579
828289
740525
608347
213369
707599
937570
602920
619890
757630
941685
949683
714336
712870
757646
214587
787446
510914
601431
989370
423360
601770
804586
732778
815953
757510
678780
870919
570903
480689
828260
336263
704880
901208
616822
517290
870415
510368
947288
616302
713818
540529
605390
773405
972841
845619
586596
805245
939415
773706
513403
940261
916217
602309
919270
859421
617780
623692
727457
614703
903658
813431
603566
757725
843616
734649
814952
610357
607368
814558
919630
740505
910409
618318
512663
925784
630404
785405
937671
908514
336830
973886
559972
701260
805260
509439
716864
903646
816519
614612
928242
786457
620295
864314
717574
804338
714323
956929
707291
847732
757409
434222
605218
805448
717576
585944
605850
619990
805423
757771
831234
612240
717688
609602
787618
919356
910709
808651
870318
616902
928715
551697
630263
706329
702232
712540
813469
270331
917923
810278
910548
704564
716425
757897
732996
605880
770851
716863
702994
702817
864426
706577
585478
616295
864884
630533
724504
787322
903249
435221
423762
609703
812480
765561
515201
714615
510427
717873
925788
828735
917414
520260
804731
440712
715431
870784
586243
787203
520539
931308
562665
910850
602509
831566
787610
620452
435260
770833
817456
719648
785713
623670
803507
920279
815353
607227
917364
928581
540292
774270
405627
804314
701340
443223
614650
740816
906281
713829
843816
917565
787519
765730
845701
480202
947289
520483
605366
662784
704650
540262
318455
947830
575491
541554
540419
832370
816516
850933
619322
609471
609234
773636
609238
704214
480848
949939
520904
973879
701833
651247
740815
610428
719660
810304
606688
765265
740516
843810
947859
602909
435668
585943
650208
947206
832776
660788
732598
620228
516650
607244
443610
630204
812340
803960
609707
773339
828514
901237
805450
919451
760902
614557
805266
805660
650380
716713
904463
671898
915238
435770
774573
732616
646522
985789
989277
781820
614980
765618
815985
919440
910523
937408
571422
660292
812240
651245
845545
917882
443761
601660
810280
574242
612619
917612
865304
631358
806336
908420
614988
619823
937371
760792
978963
864238
714334
939280
814574
724388
989295
903570
804387
979219
701319
786512
845242
513391
626260
229457
720467
561254
828200
770845
610212
805890
914450
513515
336314
609781
715416
803920
939241
661805
850382
941780
715308
478972
904718
908591
702279
605431
570660
806346
978257
513240
520262
914213
516662
781223
509999
614359
276274
317431
770301
618713
229563
603493
917992
951833
909815
617835
917357
443862
847946
774212
706483
908472
610246
601550
616558
734660
704995
787316
917647
701317
602989
440488
620215
740616
909367
917839
518524
937728
423322
765425
801857
703946
540239
832795
816589
804914
702306
912414
609276
602881
909633
970640
660988
530957
785656
910585
804921
704589
618367
520471
989574
865804
216407
580461
618697
812599
937572
708334
585704
989387
717673
616240
803571
910986
480521
947399
773343
570229
619458
734558
312835
512364
936203
706741
731441
513594
619417
715499
972689
575313
979218
479652
478955
713202
701955
708738
989464
239986
810623
701361
916223
810730
787393
931239
939284
858414
406459
518369
702539
971284
562400
423754
978578
973945
443617
850503
620453
567204
702715
443613
714397
850544
917509
817403
978638
714290
917885
859240
787518
631338
704996
651587
440897
731363
443397
847341
509951
706304
770842
916879
813293
614581
623695
856305
605936
803622
831809
724747
440475
787385
919614
602290
515570
601522
626484
949433
661599
603918
801631
847707
951809
801388
615210
787327
603401
574536
707499
585721
757810
734594
616894
812605
541990
724678
614205
901573
772529
770312
662372
518265
740970
510504
703427
513313
908967
513543
775722
773505
951440
920551
607425
707337
740501
208351
602377
818689
803521
787204
479651
802238
908334
678699
440718
513967
614913
972358
947678
781718
928699
573934
860214
903490
617694
614565
602390
939402
864680
440539
903360
715931
734679
973747
603548
971241
703927
812212
617885
585402
808342
602370
802233
951201
404989
928301
916224
513430
570573
954829
847533
605321
517927
586201
443521
618920
541280
828329
706818
715820
484523
813244
850384
585739
703244
770841
678371
860306
910301
515835
480356
908451
618979
734756
858243
704577
513446
701641
804317
985502
661733
812787
619787
787616
573718
574286
609405
615542
510908
480318
646477
302354
920841
937477
443257
540830
518225
765667
516398
914960
928965
906221
915497
770883
828788
703232
732236
832418
864630
916708
615924
865314
971201
603370
603731
423240
719641
440829
662607
937205
701240
602618
515802
787481
909936
614595
864915
781248
863273
607435
570690
612759
765414
540420
970222
956236
614204
941724
860207
334464
740398
831262
814341
717847
828577
732672
701389
516404
770639
602826
803899
925586
860575
520559
623258
914466
949324
850324
423306
831320
919770
803840
925989
910880
812350
865414
614578
954298
937816
941223
610291
845428
602527
845490
757617
614667
614309
774230
803480
574276
775781
989330
947762
765524
808265
803543
812459
586289
614507
541450
619994
616402
912253
520403
813624
828506
973951
610213
804512
609922
708508
774412
803465
832622
716341
860490
804221
917608
813417
804382
908902
973908
914329
617448
715928
443553
650291
763229
870421
970708
605871
618978
562233
812640
609410
716523
585469
701330
864316
267858
607738
801598
904254
915494
720391
917316
605359
909725
704614
610310
716640
513702
425422
516477
701472
646634
734645
724622
704305
787371
732439
989390
978866
828773
701367
610716
610737
479886
443745
815262
757613
706366
812322
917538
541760
615587
727215
970590
939266
939257
727463
939288
781799
480294
973271
914474
701331
802236
570493
602469
336504
616901
947539
703447
813310
406210
818383
815592
516761
947470
918837
602329
920381
602809
718614
812639
903512
701238
912245
510909
970397
939289
916995
717919
906236
530227
818521
978460
601730
765490
432238
617548
727418
804702
904716
513509
865567
712422
864982
828302
617883
479721
714943
757650
513659
830613
803917
603315
703282
928651
616916
978273
928587
702239
513846
530320
610360
812528
906630
630661
602526
937287
323493
707338
787212
615330
432234
661342
917588
701871
229449
610937
956221
620927
701334
612708
540220
956346
914582
440559
774299
432425
603702
904891
786423
580574
671868
715892
828243
952237
612751
760415
727253
772359
973534
816868
801694
941713
618267
702449
979313
989965
317671
734755
585307
810441
815761
989280
810869
540250
608518
715450
702423
812403
804839
803429
818389
717448
708269
631942
614576
513406
772530
937672
904465
603748
954547
985791
516987
916955
985634
619971
651491
732991
605251
620405
551206
517375
423914
989395
520310
939404
619922
805441
828429
516521
956358
717870
765993
515360
717817
706587
571433
770722
716860
615390
815298
574370
941356
757307
614499
517599
712310
602769
612269
864415
870461
701891
912288
760525
509406
630319
785577
615218
612816
520488
570574
530919
618218
512567
810240
805680
920629
831206
423341
603305
516316
516238
614671
804516
432661
702379
914584
443844
914262
660464
781424
850703
541891
609731
630334
610331
702533
919605
423619
908642
803606
586980
208339
781733
947361
662785
540421
870635
917747
704860
787450
781789
609412
440800
714514
425681
724601
712269
724448
860227
978314
860966
973670
912667
619933
620952
704929
970531
603303
517256
813545
978502
614738
609425
603340
704418
575973
440413
951733
530635
715607
650279
912675
703965
603534
712229
863944
740381
757681
870308
620778
818935
860305
713907
805558
973903
734347
815263
973809
716327
805208
518929
585315
781910
917952
740213
713203
939275
513235
847894
910988
570423
480528
947970
443206
909816
586208
915487
864395
336813
910465
714715
810705
605999
520909
661618
947456
828230
609306
704473
617571
641590
510915
610574
802274
435592
843312
479903
978895
480440
815979
440521
612418
803422
817600
434221
801834
479806
606670
609760
530966
716697
574274
734790
828460
609335
512636
906280
787376
513917
781668
712490
704661
720660
937631
517614
702575
920517
812455
703304
989274
517285
787372
947844
770313
580817
605222
919621
660728
606383
719568
843607
828553
947823
631793
989824
787318
787579
513415
516456
216217
706830
860338
804840
918210
704604
863632
810348
845548
724859
513607
816550
787312
667203
619672
919353
434770
623262
602708
513503
440518
775750
706573
731676
704562
615663
916204
651308
910733
717676
920246
810965
732718
815355
229733
601520
925768
518588
551486
908868
787487
617875
805844
740541
909239
443845
956566
706401
908421
903431
818523
512820
641530
860933
607592
610283
787516
816520
973219
903736
717360
518669
662435
724366
541961
863444
954815
480694
682220
631626
860488
478973
814771
678283
947882
620313
562760
562631
757682
425238
773519
336613
787206
631806
704798
909261
805791
516491
814599
614561
516459
843259
951235
803493
937307
939242
908307
912321
937694
614712
870510
513470
704516
757415
704689
626482
919710
570295
773849
734552
828226
928713
919219
917726
903216
703346
609658
904710
914714
704621
843708
913515
425736
912347
715491
909241
903368
724977
605490
716512
917715
617733
561596
620218
970946
770315
906399
706969
619820
910322
520678
864934
956638
941224
818482
717515
815238
914588
770714
703384
772284
513926
903519
509993
478952
608797
443340
973632
636248
562896
870243
602228
845825
480220
703201
951218
601317
660624
660670
563343
660641
571455
947212
787374
516680
608408
765432
757532
787202
712251
509998
610952
856261
903922
910995
440480
734904
816560
615604
804837
513441
864871
787527
813695
443690
608304
831236
916206
903720
714356
541401
541729
978302
615478
478951
517294
765480
208590
724681
620655
480390
617486
614832
917733
785250
903752
435632
843610
803360
812470
908670
520591
559240
731343
732386
989928
814590
443928
815978
630569
757360
270772
919604
541613
912429
513748
612209
586713
636751
937613
312859
510507
740517
785709
774249
734751
843509
910620
609744
910391
812621
619884
616915
713725
267315
715937
774571
443907
787324
602361
914589
602828
978771
818970
510301
602402
828292
857248
719588
925519
804350
863991
909731
440314
678326
860558
806778
716481
916759
757812
435659
513608
724422
732547
832457
828284
630746
512557
724757
443827
330705
513520
703472
828674
916212
609970
631987
616430
909957
603762
757759
570854
225335
612718
607760
717368
985804
865809
765712
612201
602319
586850
616401
916628
864918
630341
570637
678877
912314
336465
575416
978808
910818
518928
440342
509449
620321
765580
570407
479640
810845
863514
616648
567674
787321
765431
816260
708638
703969
605354
724822
646584
787315
619992
916201
518469
717357
804832
864554
803406
845521
937441
615714
229854
970618
480599
787486
947264
845641
717413
443476
701835
801633
815440
828712
708567
570687
760953
586295
575202
936933
714392
947994
516510
509680
812582
818399
336469
787228
717917
714788
813758
816510
704607
480313
831277
910316
614746
765717
513787
805478
660373
817913
951532
919452
678340
973897
803315
804513
208390
706978
903930
317503
828507
712635
440410
619517
701889
803707
509520
440509
903724
908812
651302
510468
916764
605613
928200
757621
865250
616485
914388
989284
703238
847309
757619
703887
713824
916531
912433
434294
773805
917359
908783
757404
903305
805816
513535
815347
616260
717471
903916
540797
828702
781258
985788
517930
612749
801910
516330
605228
706799
870503
614912
520237
586789
804209
919820
775421
947770
910512
540290
513312
701840
865806
559901
425870
919616
732580
615708
858449
813690
509386
787943
602291
912665
540480
913522
714745
630308
601549
808927
973985
716572
870315
716392
832763
787553
715577
774721
803634
605944
843685
901481
812893
516306
623910
828493
561445
512417
610389
989413
706889
951295
939278
978886
818419
928231
810252
614773
832570
707367
719661
607437
925719
540430
615969
973769
816661
970210
605517
787323
862268
972849
609500
706836
870209
443591
513262
603558
903681
603660
714904
804241
610742
336816
513600
509429
956532
939265
231557
857939
615598
423309
801455
432634
908596
760221
808281
660620
806673
630450
617921
713705
917902
570807
318548
734748
704219
801698
440251
828371
509991
860287
917613
563580
609206
214470
815370
650759
850348
713823
724986
814722
714292
803645
623810
586255
509595
701370
808282
440724
843697
919624
636399
616490
850776
860912
917270
480341
512585
804895
715533
931982
585356
818429
740391
701460
615426
602679
913205
908692
724487
516287
937681
757641
903399
618553
765969
740507
620290
870408
425495
954649
706881
615406
805889
701580
812929
612719
605651
707339
843687
513207
661428
919622
562619
773485
734308
732539
818606
318453
724984
651295
806240
702275
620238
440430
925786
586924
910975
808268
903715
480772
615670
912850
970216
432208
818489
618972
517897
605760
906869
801707
607427
443786
810358
601577
701301
425478
541852
787472
609709
760898
864420
850426
256558
909229
513365
815351
716467
626826
609577
423260
785207
440669
804690
909518
860480
843319
915526
518813
229456
973713
936707
440702
843729
808264
513500
713806
774722
937689
719248
617429
724816
318732
440346
716984
586961
951217
586915
787515
865712
256509
734505
617620
918500
614560
708302
908910
804894
229561
440618
608215
434962
704619
951836
614609
904742
480620
704534
864436
651341
606831
585738
913209
716969
850879
937623
845596
978505
828406
978280
773550
850428
731432
716574
601937
515371
939264
586205
608345
804892
617686
708227
808344
870577
626664
818378
850974
917828
484332
626827
773848
440432
724301
928322
937418
928925
480737
805610
863368
703458
610299
787219
850510
832707
757278
863289
816401
901378
337331
510418
806231
917886
425417
713248
804712
858229
850516
847846
606308
757680
803577
518281
865603
719649
612760
845499
919623
616450
786897
843439
843655
850572
585750
817751
919812
910303
804370
785760
949233
864992
631553
917502
480215
810931
616340
915474
715495
804341
916208
517260
864608
661747
928304
626422
717658
951415
989297
513478
406600
801367
603770
860608
917696
859940
864350
864270
951990
618521
989293
917273
864490
678767
870351
831235
803968
818454
786562
513519
773758
229646
615934
618830
618910
936234
856298
843834
615785
850630
618499
513309
671878
843592
614406
760519
610248
903850
530277
530519
617699
843833
949285
734740
785991
828545
832588
650400
860463
859609
712660
951205
574850
908892
646771
939401
612709
540460
912670
787514
706614
510299
757870
949933
609389
848231
917968
515480
773718
516254
917748
562714
812216
530720
440501
774239
570238
513431
719760
940456
843624
701680
530526
646483
603986
808269
812677
939279
609519
229560
602292
509860
612247
949533
530721
612723
770634
870310
704682
917797
724954
734515
336466
432301
810495
918413
509710
615306
540588
585329
903516
509670
541591
706699
707322
810241
631921
864617
781409
614563
917623
540717
801592
828446
570242
618980
630222
701649
910330
540273
732735
434989
704213
828448
787910
910284
832493
908331
518573
434907
603491
831682
720357
787382
631766
706505
920379
760835
910581
928258
917572
425308
270748
423368
619857
970290
912464
612554
916747
941720
714315
919306
773802
850598
703320
904738
513264
712739
919740
520954
775304
843505
850585
917838
562544
805796
518569
804659
586612
570954
954895
626833
785230
703967
520780
947851
360903
618214
760220
765661
814602
812447
630309
812870
947987
717636
702283
949230
330495
623826
630567
610304
918325
435669
787218
850375
423571
574261
706302
603475
713208
828361
567395
704616
714719
989859
947867
630302
570460
919880
515890
731413
989412
563340
614925
517648
610216
706897
772631
707328
912237
563249
615812
706726
914629
540270
631495
908578
862505
870550
727946
717480
939400
832712
731234
612720
740624
719659
701509
213598
760518
828342
912293
774200
443783
440785
731333
517643
850363
443812
973868
831818
760996
516319
805698
650922
513205
703217
717926
917836
757705
603321
828442
804366
586484
510407
706331
702467
831345
805657
316619
608799
520820
908705
702236
602397
814335
814243
916214
517420
585734
740503
917315
715218
517282
585435
910635
440668
774218
585727
947489
440665
917533
616446
970712
813928
646574
901229
818631
903576
727804
727432
818427
803669
989255
703307
828443
715216
541410
928916
617645
435760
956249
813997
908507
909260
703850
651470
520404
586342
720281
440666
757876
732570
248318
763248
704301
530515
757662
731819
951970
939256
937417
801870
602359
515782
715965
716397
931316
909240
630292
979220
939334
843621
513709
510381
916247
570560
706601
903814
865228
916709
972955
614395
704221
423836
908227
714349
864360
702219
617609
708533
931200
712840
479295
718344
561701
513368
908347
443350
715977
714313
774509
740360
440341
703772
925200
806690
608475
615477
614296
939263
814758
570578
734476
717881
701822
660492
954732
717682
702469
973224
574354
727248
603801
775422
336552
856296
939277
720413
903975
865318
731446
631219
978697
919606
915525
850381
850529
928830
714321
937510
985790
586324
713201
847334
914204
806598
435262
818618
914728
423312
615948
847606
931580
479212
858204
786459
510406
724355
618841
513317
540820
715628
713253
480250
757508
832627
616745
845803
989245
615684
530228
928386
865719
978835
614551
713898
810444
562477
772321
609273
920889
515491
915637
770853
727430
617512
620755
937407
773590
563419
440315
440478
651485
970903
805705
806406
818388
435590
915471
936402
567224
270925
337523
803508
573337
660605
903805
989513
947577
720737
336817
562756
912614
805588
757477
850612
920810
919210
540589
641680
715891
610368
732710
843344
518419
626825
760419
708309
516220
720219
712363
734770
585259
616581
847638
864414
828713
805440
903513
989324
708927
970218
916616
716432
513507
706564
715313
480589
603490
615788
903721
818437
630399
916261
865210
608461
810300
602622
704467
703801
843908
971235
910280
814598
970471
740506
806330
541521
515320
904477
609468
253341
951202
850508
704576
513378
626201
914391
586233
510506
517525
662774
512569
787205
937776
978766
559977
843812
717818
928853
860324
207232
757536
760271
914907
919610
570406
661904
786877
801450
808987
510410
804357
704609
646265
702376
724372
973934
717497
661557
602510
850694
603540
787329
915549
814617
520705
775225
912278
813601
762207
701421
928978
850377
575430
786514
816536
701558
423605
910389
919437
612916
808294
513265
586246
573707
520507
585261
518527
806777
985438
787613
937657
515490
928821
530559
850865
937470
862432
706325
516297
765438
917439
602376
313236
765716
832799
916599
646734
650464
760703
909762
843860
480710
440713
602541
949677
614403
989415
631461
831801
917638
989450
939285
434996
901568
630638
541561
559593
928606
989798
434841
719640
919801
917301
586428
607725
845325
713724
717304
724272
910890
435650
717250
920716
603359
801573
580750
617214
917626
817975
920915
731487
813924
903932
864430
828450
787377
713204
912663
843870
614813
559974
716474
516317
931319
626665
847370
440567
845649
858442
423650
947862
801391
914522
425466
939274
520307
440477
616283
520709
716785
540333
903824
919818
646531
803530
801597
678972
970420
908963
614580
540280
602717
702218
703408
918404
574870
785561
864828
916215
646656
513667
916662
530514
516965
612508
850451
606305
646761
616690
973222
630698
703517
941773
865803
651238
939281
785249
802734
919631
818522
704975
804380
574377
908581
814440
939405
520610
480276
806215
850556
513203
540810
480322
620388
812318
603860
423327
904553
770891
603933
972998
928580
803747
917236
978500
928716
908872
814397
734491
760217
947885
602819
915479
570855
818590
435851
619977
937479
937243
712899
484225
917363
845558
757636
917494
443970
650678
516660
808895
609432
864423
801589
614202
804339
662302
480662
732259
623694
706716
607316
610730
850530
727422
847727
847302
541999
479879
815520
513439
906241
785643
620212
586249
714743
860930
916207
602882
614381
785477
706832
917974
940372
619980
562972
646957
806672
707980
619540
702419
440217
559760
843356
602478
731571
678491
830285
865203
901484
620779
518755
717512
939403
